28
154
166
212
220
271
338
659
737
786
787
832
913
930
949
1083
1101
1145
1220
1276
1399
1433
1466
1604
1678
1721
1787
1877
1948
1976
1984
2006
2084
2123
2166
2245
2307
2329
2392
2458
2511
2567
2570
2586
2595
2616
2782
2838
2839
3066
3076
3137
3157
3160
3234
3329
3335
3336
3474
3598
3645
3686
3689
3719
3881
3909
3985
4006
4130
4135
4150
4283
4326
4390
4451
4475
4516
4567
4622
4665
4706
4727
4775
4786
4818
4827
4891
4897
4937
4949
4976
5093
5111
5140
5147
5309
5435
5517
5557
5617
5650
5663
5665
5697
5893
5920
5924
5944
6085
6101
6125
6206
6230
6257
6269
6338
6384
6525
6536
6582
6599
6610
6655
6680
6715
6716
6755
6776
6819
6863
6999
7050
7064
7103
7107
7167
7187
7211
7229
7230
7302
7312
7346
7458
7460
7496
7672
7690
7701
7721
7776
7801
7813
7829
7840
7891
7999
8001
8157
8198
8242
8275
8311
8346
8369
8398
8425
8463
8508
8556
8572
8643
8802
8808
9007
9100
9131
9135
9332
9366
9393
9406
9435
9486
9527
9529
9691
9692
9750
9773
9841
9866
9873
9896
9953
10006
10204
10393
10416
10487
10551
10564
10572
10627
10632
10697
10702
10906
10998
11078
11126
11161
11173
11207
11239
11452
11476
11512
11578
11614
11707
11710
11726
11767
11771
11812
11815
11830
11841
11964
12086
12156
12167
12186
12277
12300
12301
12346
12359
12363
12366
12367
12465
12468
12530
12542
12559
12649
12656
12658
12699
12761
12774
12782
12913
12968
12969
13053
13067
13171
13186
13192
13316
13379
13435
13443
13457
13533
13535
13638
13805
13858
13919
14062
14225
14227
14229
14410
14438
14501
14563
14587
14892
14943
14959
14991
15009
15029
15055
15182
15301
15326
15458
15681
15753
15768
15799
15843
15904
16116
16121
16147
16150
16201
16275
16311
16327
16352
16381
16391
16406
16437
16443
16537
16670
16677
16683
16706
16774
16788
16855
16872
16883
16924
16941
16956
17014
17039
17070
17083
17095
17106
17129
17259
17272
17315
17330
17341
17368
17446
17447
17556
17731
17743
17802
17821
17830
17844
17845
17938
17974
18057
18082
18318
18354
18357
18416
18459
18537
18564
18647
18668
18773
18852
18975
19139
19167
19199
19240
19278
19295
19379
19412
19443
19495
19545
19555
19602
19604
19619
19705
19766
19839
19845
19867
19883
19911
19923
19933
19974
20007
20050
20051
20056
20087
20114
20200
20208
20271
20388
20409
20445
20447
20513
20521
20531
20625
20698
20770
20794
20838
20868
21014
21015
21100
21144
21200
21388
21513
21542
21572
21718
21934
21936
21987
22077
22159
22245
22262
22320
22326
22332
22370
22391
22413
22421
22436
22466
22468
22518
22547
22562
22638
22653
22681
22755
22857
22870
22887
22946
22993
23165
23346
23351
23358
23360
23399
23427
23510
23577
23630
23658
23687
23695
23852
23947
23977
24003
24008
24026
24047
24189
24202
24221
24274
24280
24295
24323
24433
24445
24457
24492
24507
24574
24647
24744
24752
24779
24833
24866
25041
25144
25149
25204
25361
25388
25406
25438
25486
25494
25531
25578
25649
25697
25744
25747
25915
25969
26001
26003
26009
26024
26065
26128
26140
26243
26267
26312
26331
26351
26376
26427
26471
26504
26560
26590
26634
26750
26779
26860
26900
26940
27012
27079
27129
27165
27174
27209
27232
27297
27316
27330
27336
27409
27431
27441
27456
27468
27642
27733
27738
27739
27781
27792
27828
27894
28088
28096
28166
28190
28211
28216
28255
28256
28316
28337
28384
28405
28428
28518
28556
28565
28607
28634
28643
28716
28742
28795
28900
28909
28921
29079
29119
29179
29206
29322
29342
29437
29469
29473
29507
29529
29561
29590
29593
29619
29712
29771
29779
29834
29952
29953
29984
30014
30070
30085
30098
30132
30169
30178
30346
30351
30508
30616
30641
30695
30773
30786
30807
30841
30943
30995
31001
31118
31179
31183
31189
31249
31271
31275
31291
31308
31462
31485
31572
31575
31672
31755
31873
31902
31911
32014
32024
32051
32069
32079
32104
32118
32129
32154
32216
32266
32366
32385
32438
32490
32580
32594
32684
32696
32712
32824
32942
32953
32994
33068
33110
33183
33325
33342
33343
33366
33377
33571
33602
33711
33716
33733
33740
33753
33807
33833
33897
33904
33917
33961
33993
34008
34019
34035
34052
34110
34129
34194
34222
34315
34324
34326
34360
34421
34464
34478
34482
34545
34573
34618
34675
34696
34708
34748
34759
34839
34853
34932
35047
35096
35100
35213
35231
35259
35321
35342
35444
35477
35588
35674
35790
35845
36132
36170
36219
36238
36253
36272
36283
36318
36373
36406
36413
36448
36466
36518
36541
36685
36696
36740
36742
36776
36811
36890
36916
36929
37053
37261
37287
37378
37426
37442
37492
37558
37603
37719
37750
37764
37774
37784
37787
37803
37875
37887
37910
37937
37940
37993
38010
38037
38154
38241
38245
38291
38324
38328
38346
38373
38456
38553
38586
38615
38676
38881
38995
39004
39006
39084
39106
39111
39118
39127
39199
39250
39629
39649
39693
39717
39723
39774
39788
39889
39913
39915
39919
40105
40136
40220
40278
40349
40529
40596
40810
40908
40947
40970
41018
41027
41053
41057
41185
41256
41268
41285
41344
41413
41451
41472
41520
41603
41637
41662
41700
41731
41791
41798
41806
41818
41973
42025
42071
42114
42117
42122
42172
42274
42281
42460
42468
42594
42624
42642
42672
42701
42717
42808
42837
42944
43043
43052
43072
43079
43106
43220
43280
43416
43423
43460
43515
43535
43682
43777
43826
43836
43909
43951
44126
44173
44238
44275
44278
44302
44386
44407
44501
44542
44596
44605
44644
44655
44715
44722
44867
44904
44970
44993
45018
45102
45114
45283
45359
45385
45415
45477
45482
45494
45495
45519
45580
45591
45619
45635
45711
46008
46058
46113
46250
46303
46332
46342
46458
46474
46512
46712
46725
46742
46754
46791
46874
46898
46916
46960
47038
47045
47048
47164
47220
47356
47423
47427
47529
47545
47550
47573
47614
47653
47671
47717
47765
47780
47835
47863
47886
48028
48056
48059
48119
48141
48175
48190
48207
48243
48292
48306
48389
48520
48529
48563
48613
48629
48693
48713
48840
49021
49038
49066
49143
49260
49343
49403
49421
49489
49529
49537
49547
49576
49646
49665
49677
49680
49735
49860
49986
49998
