9
28
33
131
154
166
186
212
220
240
271
279
293
323
338
369
456
500
610
659
662
702
737
779
786
787
832
913
930
935
949
1055
1083
1101
1106
1145
1146
1214
1220
1235
1276
1399
1425
1433
1455
1466
1514
1515
1604
1634
1678
1682
1698
1721
1730
1733
1787
1822
1871
1877
1910
1931
1948
1976
1984
2006
2084
2123
2126
2166
2245
2267
2288
2307
2329
2346
2392
2458
2511
2547
2567
2570
2586
2591
2595
2616
2666
2717
2782
2838
2839
3032
3066
3076
3121
3137
3140
3157
3160
3169
3234
3259
3275
3299
3329
3335
3336
3382
3395
3429
3474
3545
3551
3598
3622
3634
3638
3641
3645
3665
3686
3689
3710
3719
3735
3881
3909
3985
3995
3996
4006
4078
4099
4119
4130
4135
4147
4150
4180
4190
4283
4317
4326
4335
4364
4367
4389
4390
4397
4419
4451
4475
4516
4567
4602
4622
4665
4678
4706
4727
4742
4747
4775
4786
4818
4827
4891
4892
4897
4937
4941
4949
4976
5058
5093
5111
5136
5140
5147
5223
5279
5309
5336
5364
5435
5476
5491
5517
5543
5557
5601
5617
5636
5647
5650
5663
5665
5697
5706
5742
5745
5759
5760
5787
5824
5845
5893
5914
5920
5924
5944
5963
5966
5969
6033
6049
6068
6070
6085
6092
6101
6125
6189
6206
6229
6230
6257
6269
6338
6361
6384
6390
6395
6468
6478
6489
6525
6536
6582
6585
6588
6597
6599
6610
6620
6655
6680
6681
6715
6716
6755
6756
6776
6788
6790
6819
6851
6863
6956
6967
6999
7050
7062
7064
7099
7103
7106
7107
7109
7144
7167
7187
7211
7218
7229
7230
7247
7302
7312
7346
7386
7412
7458
7460
7477
7496
7509
7534
7536
7543
7594
7630
7634
7665
7672
7690
7701
7719
7721
7753
7756
7770
7776
7801
7810
7813
7822
7829
7840
7857
7880
7891
7928
7946
7973
7999
8001
8030
8068
8157
8166
8198
8227
8242
8270
8275
8311
8316
8346
8360
8369
8398
8405
8406
8425
8440
8453
8463
8466
8508
8556
8572
8643
8689
8705
8773
8802
8808
8882
8886
8922
8973
8994
9007
9056
9084
9089
9100
9131
9135
9332
9335
9366
9393
9406
9435
9447
9463
9486
9506
9519
9520
9527
9529
9574
9594
9652
9691
9692
9699
9734
9750
9768
9773
9800
9841
9866
9869
9873
9896
9932
9953
9968
9971
10006
10037
10084
10189
10204
10223
10238
10340
10349
10393
10416
10467
10487
10551
10564
10572
10627
10632
10663
10664
10690
10697
10698
10702
10791
10792
10831
10838
10902
10906
10953
10998
11045
11078
11097
11126
11127
11161
11173
11207
11226
11238
11239
11286
11302
11402
11410
11452
11453
11460
11476
11491
11512
11578
11614
11707
11710
11726
11757
11767
11771
11772
11812
11815
11830
11841
11883
11931
11952
11964
12033
12058
12086
12126
12156
12167
12178
12186
12235
12277
12281
12300
12301
12324
12346
12355
12359
12363
12366
12367
12438
12465
12468
12498
12501
12509
12530
12536
12542
12559
12578
12594
12602
12649
12656
12658
12699
12723
12736
12738
12761
12774
12782
12815
12834
12884
12900
12913
12968
12969
13000
13004
13047
13053
13059
13067
13068
13072
13110
13126
13149
13166
13171
13186
13192
13221
13256
13259
13316
13347
13379
13395
13435
13443
13457
13515
13533
13535
13638
13805
13809
13858
13873
13875
13885
13890
13919
13945
14007
14014
14062
14199
14225
14227
14229
14235
14250
14251
14265
14271
14342
14398
14399
14410
14425
14438
14442
14446
14476
14501
14560
14563
14587
14598
14621
14767
14850
14868
14871
14892
14943
14959
14991
15009
15021
15029
15055
15141
15162
15182
15203
15261
15301
15320
15326
15396
15450
15458
15463
15473
15597
15649
15681
15741
15753
15765
15768
15799
15843
15850
15904
15906
16116
16121
16129
16147
16150
16201
16221
16230
16275
16311
16327
16352
16372
16381
16391
16406
16416
16437
16443
16493
16537
16556
16558
16596
16614
16615
16630
16670
16677
16683
16688
16706
16773
16774
16775
16785
16788
16813
16821
16846
16855
16872
16883
16924
16941
16956
16957
16965
17014
17039
17054
17070
17080
17083
17092
17095
17106
17129
17193
17233
17259
17272
17315
17327
17330
17341
17368
17379
17420
17422
17446
17447
17482
17556
17708
17714
17731
17739
17742
17743
17746
17747
17787
17801
17802
17821
17830
17844
17845
17917
17938
17955
17974
18053
18057
18071
18082
18099
18235
18254
18318
18345
18354
18357
18385
18416
18432
18459
18537
18560
18564
18580
18583
18617
18647
18654
18668
18727
18773
18812
18832
18852
18881
18933
18961
18975
19101
19139
19167
19184
19199
19207
19240
19278
19295
19296
19378
19379
19411
19412
19438
19443
19495
19517
19545
19555
19602
19604
19608
19619
19653
19676
19705
19735
19766
19839
19845
19864
19867
19869
19883
19893
19909
19911
19923
19933
19942
19974
20007
20018
20050
20051
20056
20087
20106
20114
20115
20200
20208
20211
20264
20271
20282
20285
20291
20319
20388
20396
20406
20409
20445
20447
20464
20490
20499
20513
20521
20527
20531
20543
20554
20570
20625
20644
20670
20698
20770
20794
20838
20868
20903
20913
20977
21014
21015
21066
21073
21082
21100
21142
21144
21145
21184
21200
21210
21215
21283
21339
21379
21380
21388
21513
21542
21572
21587
21636
21669
21675
21718
21746
21837
21869
21882
21883
21934
21936
21975
21987
22008
22023
22030
22037
22077
22115
22159
22245
22262
22304
22320
22326
22332
22346
22370
22373
22388
22391
22400
22413
22421
22436
22466
22468
22518
22547
22562
22589
22638
22653
22681
22710
22716
22726
22755
22786
22803
22857
22870
22886
22887
22946
22993
22994
23001
23038
23150
23165
23280
23288
23346
23351
23356
23358
23360
23399
23421
23427
23502
23510
23577
23586
23616
23630
23652
23658
23687
23693
23695
23771
23824
23852
23864
23930
23947
23977
24003
24008
24026
24047
24051
24097
24135
24189
24202
24221
24228
24274
24280
24295
24307
24323
24328
24333
24368
24433
24445
24457
24492
24507
24574
24600
24647
24651
24739
24744
24752
24779
24833
24866
24911
24979
25041
25088
25144
25149
25151
25200
25204
25207
25270
25276
25316
25350
25361
25387
25388
25395
25406
25438
25486
25494
25531
25553
25578
25584
25647
25649
25685
25697
25744
25747
25758
25791
25832
25835
25852
25901
25915
25921
25929
25969
26001
26003
26009
26024
26065
26128
26140
26209
26243
26267
26287
26291
26312
26314
26327
26331
26351
26371
26376
26427
26455
26471
26487
26504
26518
26560
26567
26584
26590
26634
26656
26714
26720
26750
26776
26779
26860
26900
26932
26940
27012
27079
27129
27165
27166
27174
27209
27232
27283
27285
27297
27316
27330
27336
27371
27395
27409
27429
27431
27441
27456
27468
27537
27624
27635
27642
27664
27691
27714
27733
27738
27739
27748
27761
27781
27782
27789
27792
27822
27828
27858
27894
27940
27971
27977
28088
28096
28119
28166
28190
28211
28216
28255
28256
28304
28316
28337
28350
28384
28405
28425
28428
28436
28500
28518
28536
28556
28565
28575
28607
28612
28634
28643
28682
28697
28716
28742
28795
28846
28861
28877
28900
28909
28921
28986
28995
29011
29025
29079
29119
29128
29144
29147
29175
29179
29182
29206
29214
29259
29294
29322
29342
29368
29437
29452
29463
29469
29473
29478
29484
29507
29529
29561
29573
29590
29593
29619
29635
29680
29712
29722
29763
29771
29779
29834
29886
29900
29936
29952
29953
29961
29970
29984
29988
30014
30037
30070
30085
30087
30098
30130
30132
30151
30169
30178
30186
30233
30346
30351
30419
30475
30484
30508
30525
30616
30633
30641
30655
30695
30764
30773
30786
30807
30820
30841
30906
30911
30920
30943
30981
30995
31001
31106
31118
31130
31172
31179
31183
31189
31205
31206
31249
31271
31275
31291
31308
31329
31334
31369
31438
31462
31485
31493
31500
31514
31568
31572
31575
31584
31637
31672
31675
31694
31731
31755
31773
31815
31873
31874
31883
31902
31911
31939
31956
31983
32006
32014
32024
32037
32051
32069
32074
32079
32100
32104
32118
32129
32154
32166
32197
32208
32213
32216
32266
32305
32316
32366
32385
32393
32415
32438
32490
32512
32532
32580
32594
32634
32684
32694
32696
32712
32722
32792
32824
32934
32942
32953
32972
32994
33064
33068
33082
33110
33120
33183
33189
33270
33305
33325
33342
33343
33366
33377
33420
33552
33571
33578
33586
33602
33616
33621
33650
33656
33660
33671
33711
33716
33721
33733
33737
33740
33753
33759
33807
33812
33833
33897
33904
33917
33961
33993
34008
34019
34035
34046
34052
34110
34129
34169
34194
34222
34250
34267
34269
34315
34324
34326
34357
34360
34421
34464
34478
34482
34544
34545
34560
34570
34573
34618
34675
34687
34694
34696
34700
34701
34708
34731
34748
34759
34839
34844
34853
34932
34942
34964
34997
35035
35044
35047
35066
35096
35100
35110
35186
35213
35231
35245
35259
35269
35279
35287
35303
35306
35321
35342
35393
35397
35442
35444
35459
35462
35477
35527
35545
35548
35588
35662
35672
35674
35730
35756
35790
35813
35845
35897
35920
35932
35969
36021
36132
36159
36170
36214
36219
36238
36253
36259
36272
36283
36301
36318
36356
36373
36406
36413
36438
36448
36466
36498
36512
36518
36541
36553
36567
36607
36629
36645
36669
36685
36696
36740
36742
36762
36776
36784
36811
36862
36890
36905
36916
36929
36969
36995
37000
37024
37047
37053
37066
37162
37176
37198
37213
37224
37261
37281
37287
37378
37413
37426
37430
37442
37478
37488
37492
37494
37558
37603
37664
37672
37719
37750
37764
37774
37784
37787
37790
37803
37875
37887
37910
37937
37940
37977
37987
37993
38010
38037
38038
38132
38134
38154
38241
38242
38245
38291
38324
38328
38346
38373
38398
38412
38421
38422
38456
38500
38550
38553
38586
38615
38617
38634
38676
38764
38766
38776
38841
38847
38881
38941
38976
38995
39004
39006
39013
39057
39084
39106
39111
39118
39123
39127
39189
39199
39250
39266
39303
39327
39440
39480
39582
39590
39629
39645
39649
39674
39693
39717
39723
39732
39751
39774
39788
39846
39889
39913
39915
39919
39921
39996
40007
40073
40105
40136
40170
40220
40268
40278
40328
40349
40357
40501
40512
40514
40529
40571
40596
40612
40638
40668
40810
40828
40843
40854
40868
40908
40947
40970
40979
41018
41027
41053
41057
41064
41082
41084
41142
41185
41219
41242
41256
41268
41272
41274
41285
41310
41344
41363
41413
41419
41434
41442
41451
41472
41479
41505
41520
41559
41603
41607
41632
41637
41640
41662
41673
41677
41685
41700
41728
41731
41788
41791
41798
41806
41816
41818
41866
41956
41973
42025
42034
42051
42071
42114
42115
42117
42122
42149
42172
42173
42181
42182
42206
42236
42251
42274
42281
42308
42318
42383
42418
42460
42468
42498
42528
42557
42579
42594
42624
42642
42649
42672
42673
42701
42717
42747
42808
42837
42886
42944
42959
42969
43030
43043
43052
43072
43079
43106
43107
43145
43153
43171
43197
43201
43220
43258
43280
43373
43399
43407
43416
43423
43460
43500
43515
43535
43550
43680
43682
43701
43741
43777
43800
43826
43836
43851
43894
43909
43920
43951
44045
44091
44120
44121
44126
44173
44195
44227
44238
44251
44258
44275
44278
44302
44311
44386
44407
44450
44501
44542
44559
44565
44596
44605
44616
44644
44655
44715
44722
44752
44778
44832
44836
44867
44904
44938
44970
44993
45018
45054
45067
45102
45114
45258
45283
45359
45385
45404
45415
45428
45434
45445
45477
45482
45494
45495
45498
45500
45519
45534
45580
45591
45619
45635
45711
45736
45805
45811
45857
45964
45992
46008
46035
46058
46062
46113
46124
46197
46245
46250
46303
46319
46332
46342
46428
46458
46474
46481
46512
46514
46526
46548
46610
46612
46635
46690
46701
46712
46725
46742
46754
46791
46817
46826
46874
46898
46910
46916
46919
46960
47016
47038
47040
47045
47048
47055
47106
47118
47164
47186
47201
47220
47223
47272
47356
47370
47415
47423
47427
47512
47529
47545
47548
47550
47561
47573
47614
47619
47625
47653
47671
47710
47714
47717
47765
47780
47818
47835
47858
47863
47880
47886
47914
47971
48014
48028
48056
48059
48099
48119
48141
48175
48190
48191
48207
48216
48217
48243
48244
48249
48292
48297
48306
48312
48352
48389
48474
48490
48500
48520
48529
48563
48613
48627
48629
48635
48649
48693
48694
48707
48713
48772
48809
48840
48843
48852
48877
48895
48987
48993
49021
49038
49066
49080
49117
49139
49143
49189
49207
49260
49290
49343
49351
49403
49421
49489
49529
49537
49547
49551
49576
49598
49646
49665
49677
49680
49719
49722
49735
49747
49828
49860
49933
49986
49998
