8
9
13
22
26
28
33
43
73
105
120
131
139
154
166
172
173
177
186
192
193
212
220
240
247
271
273
279
293
299
302
303
304
310
323
331
337
338
343
345
360
369
370
406
428
439
445
454
456
458
460
482
496
500
509
515
548
551
572
580
600
606
610
659
662
664
669
670
695
698
702
704
708
710
713
716
717
726
732
734
737
744
753
755
779
786
787
804
815
820
827
832
849
873
913
930
935
949
953
954
972
984
999
1009
1019
1024
1025
1048
1055
1064
1073
1074
1083
1095
1101
1106
1145
1146
1153
1178
1209
1214
1220
1235
1276
1279
1298
1324
1325
1342
1343
1386
1387
1393
1399
1425
1433
1444
1447
1449
1455
1466
1507
1514
1515
1516
1518
1579
1581
1582
1604
1629
1634
1661
1667
1670
1678
1679
1682
1684
1698
1711
1717
1718
1721
1730
1733
1770
1775
1777
1787
1793
1812
1822
1848
1857
1862
1871
1877
1881
1885
1893
1910
1926
1931
1938
1948
1950
1957
1963
1976
1984
2006
2038
2042
2063
2084
2093
2095
2097
2100
2120
2123
2124
2126
2143
2166
2167
2177
2189
2197
2201
2209
2234
2245
2249
2256
2263
2267
2279
2286
2288
2289
2307
2320
2329
2346
2354
2356
2382
2383
2392
2414
2429
2434
2452
2456
2458
2463
2481
2484
2489
2490
2497
2511
2519
2540
2547
2554
2565
2567
2570
2586
2588
2591
2595
2616
2624
2638
2644
2649
2666
2678
2696
2717
2738
2754
2782
2790
2791
2814
2824
2838
2839
2854
2879
2904
2905
2931
2938
2942
2946
2963
2965
2975
2990
2997
3032
3033
3050
3055
3066
3068
3075
3076
3085
3086
3110
3121
3137
3140
3157
3160
3169
3188
3199
3205
3207
3234
3259
3261
3275
3294
3299
3301
3315
3325
3329
3335
3336
3343
3359
3381
3382
3387
3390
3395
3429
3445
3455
3456
3466
3474
3482
3492
3499
3501
3511
3545
3549
3551
3565
3592
3598
3602
3611
3617
3622
3634
3638
3641
3645
3665
3671
3678
3686
3687
3689
3702
3706
3710
3711
3719
3731
3735
3746
3755
3756
3758
3771
3806
3815
3838
3840
3857
3871
3881
3901
3906
3909
3931
3953
3959
3963
3968
3974
3985
3995
3996
4005
4006
4007
4020
4037
4043
4049
4078
4087
4099
4101
4119
4130
4131
4135
4147
4150
4164
4167
4179
4180
4190
4200
4229
4283
4288
4313
4317
4323
4326
4335
4345
4364
4367
4388
4389
4390
4397
4419
4428
4431
4445
4451
4468
4475
4482
4486
4491
4516
4533
4542
4567
4583
4585
4588
4602
4606
4622
4631
4648
4663
4665
4671
4678
4683
4685
4706
4716
4725
4727
4742
4747
4766
4775
4778
4786
4793
4818
4827
4828
4842
4844
4858
4859
4891
4892
4896
4897
4899
4937
4941
4949
4963
4976
4982
4984
4998
5005
5042
5058
5075
5078
5084
5085
5093
5111
5131
5133
5136
5140
5147
5163
5165
5188
5207
5223
5243
5279
5285
5292
5300
5309
5321
5331
5335
5336
5343
5354
5361
5364
5389
5435
5446
5459
5469
5476
5478
5480
5491
5494
5495
5498
5516
5517
5520
5531
5543
5556
5557
5563
5588
5590
5601
5617
5636
5647
5648
5650
5663
5665
5697
5700
5702
5706
5709
5715
5740
5742
5745
5759
5760
5761
5772
5777
5780
5787
5793
5798
5808
5824
5825
5833
5840
5845
5858
5861
5893
5895
5914
5920
5924
5931
5941
5944
5953
5963
5966
5969
5975
5977
5986
6013
6033
6049
6055
6059
6066
6068
6070
6079
6085
6092
6101
6102
6125
6143
6171
6189
6198
6206
6223
6228
6229
6230
6247
6249
6257
6269
6312
6316
6318
6338
6341
6361
6384
6387
6390
6395
6418
6431
6432
6447
6459
6468
6475
6478
6489
6498
6504
6524
6525
6529
6532
6536
6543
6544
6558
6570
6582
6585
6588
6597
6599
6609
6610
6620
6655
6660
6672
6680
6681
6687
6701
6704
6709
6715
6716
6723
6755
6756
6776
6782
6788
6790
6800
6811
6812
6819
6820
6825
6827
6844
6851
6856
6863
6872
6891
6897
6917
6927
6936
6953
6956
6967
6999
7047
7050
7057
7062
7064
7099
7103
7106
7107
7109
7115
7121
7139
7144
7149
7161
7167
7179
7185
7187
7193
7211
7218
7224
7229
7230
7247
7259
7273
7299
7302
7312
7319
7328
7330
7346
7373
7379
7386
7389
7391
7393
7406
7412
7429
7433
7438
7448
7451
7458
7459
7460
7465
7468
7470
7475
7477
7492
7494
7496
7509
7526
7534
7536
7543
7577
7580
7594
7600
7601
7610
7630
7631
7634
7663
7665
7672
7675
7679
7689
7690
7699
7701
7718
7719
7721
7724
7729
7732
7746
7753
7756
7759
7770
7776
7793
7798
7801
7810
7813
7814
7822
7827
7829
7835
7840
7852
7857
7869
7880
7891
7907
7908
7915
7922
7928
7946
7961
7973
7976
7984
7999
8001
8004
8006
8009
8030
8046
8049
8060
8068
8125
8157
8164
8165
8166
8183
8198
8225
8227
8242
8250
8253
8257
8258
8270
8275
8289
8311
8316
8328
8346
8348
8360
8361
8369
8382
8385
8398
8401
8405
8406
8410
8423
8425
8440
8445
8446
8453
8463
8466
8477
8485
8498
8508
8524
8536
8554
8556
8572
8611
8628
8632
8642
8643
8645
8664
8666
8684
8689
8700
8705
8708
8738
8739
8748
8773
8781
8784
8790
8802
8808
8814
8817
8819
8821
8873
8882
8886
8908
8911
8921
8922
8955
8957
8963
8973
8986
8989
8994
9007
9037
9038
9056
9079
9080
9084
9089
9100
9104
9131
9135
9159
9163
9167
9182
9184
9189
9230
9234
9262
9274
9317
9332
9335
9347
9348
9366
9392
9393
9403
9406
9435
9437
9447
9460
9463
9486
9496
9501
9504
9506
9518
9519
9520
9527
9529
9530
9547
9573
9574
9585
9592
9594
9621
9644
9649
9652
9655
9691
9692
9699
9733
9734
9750
9758
9759
9768
9773
9781
9800
9802
9803
9815
9827
9834
9839
9841
9849
9850
9866
9869
9873
9874
9883
9896
9906
9924
9932
9953
9968
9971
9978
9981
10006
10037
10043
10056
10062
10075
10084
10099
10145
10160
10171
10180
10185
10189
10197
10204
10215
10223
10224
10231
10236
10237
10238
10251
10262
10280
10288
10311
10312
10318
10340
10349
10361
10386
10389
10393
10410
10413
10416
10422
10428
10429
10455
10461
10467
10473
10480
10482
10484
10487
10491
10508
10533
10551
10553
10556
10563
10564
10565
10572
10574
10582
10598
10621
10626
10627
10629
10632
10637
10645
10647
10663
10664
10674
10675
10690
10693
10696
10697
10698
10702
10749
10750
10753
10765
10785
10791
10792
10796
10815
10831
10838
10871
10872
10902
10904
10906
10953
10985
10986
10991
10998
10999
11008
11034
11045
11048
11061
11068
11073
11078
11093
11095
11097
11126
11127
11134
11144
11161
11165
11173
11203
11207
11211
11226
11238
11239
11248
11255
11258
11263
11274
11286
11294
11298
11302
11322
11330
11337
11340
11358
11369
11376
11402
11410
11430
11438
11450
11451
11452
11453
11460
11463
11472
11474
11476
11483
11490
11491
11504
11512
11523
11529
11531
11548
11566
11569
11578
11607
11614
11642
11643
11670
11679
11689
11707
11710
11720
11721
11726
11744
11757
11767
11768
11771
11772
11774
11776
11797
11798
11800
11812
11815
11830
11841
11883
11892
11920
11931
11935
11936
11952
11956
11964
11965
11996
12003
12005
12022
12026
12030
12033
12039
12047
12054
12058
12070
12086
12109
12126
12139
12147
12156
12165
12166
12167
12172
12176
12178
12186
12204
12205
12235
12242
12274
12277
12281
12300
12301
12303
12306
12311
12324
12346
12355
12359
12363
12366
12367
12398
12402
12438
12439
12465
12466
12468
12472
12488
12498
12501
12509
12530
12531
12536
12542
12550
12559
12578
12581
12594
12599
12602
12609
12616
12617
12648
12649
12656
12658
12673
12679
12688
12699
12712
12723
12733
12736
12738
12754
12761
12765
12770
12774
12782
12789
12792
12796
12815
12834
12838
12841
12851
12853
12859
12862
12875
12884
12887
12900
12906
12908
12910
12913
12927
12948
12960
12962
12968
12969
12976
13000
13004
13032
13047
13053
13055
13059
13067
13068
13072
13084
13101
13102
13106
13110
13126
13149
13159
13160
13166
13171
13178
13186
13192
13194
13221
13250
13256
13259
13277
13279
13283
13285
13287
13316
13325
13334
13343
13344
13347
13374
13379
13395
13398
13415
13428
13435
13442
13443
13447
13457
13460
13515
13525
13528
13533
13535
13546
13565
13571
13578
13609
13638
13648
13672
13698
13713
13741
13766
13794
13805
13809
13850
13852
13858
13871
13873
13875
13885
13890
13909
13919
13945
13969
13997
14003
14006
14007
14014
14025
14035
14051
14055
14062
14086
14095
14100
14117
14119
14149
14155
14157
14158
14171
14199
14203
14221
14225
14227
14229
14234
14235
14238
14241
14243
14250
14251
14262
14265
14271
14274
14295
14310
14316
14323
14324
14329
14338
14342
14345
14377
14388
14393
14398
14399
14400
14410
14412
14413
14425
14436
14438
14442
14446
14469
14476
14485
14501
14508
14522
14560
14563
14567
14582
14587
14598
14621
14658
14684
14695
14715
14717
14767
14771
14782
14794
14834
14842
14850
14865
14868
14869
14871
14885
14886
14892
14904
14943
14952
14959
14971
14980
14984
14985
14988
14991
14994
15009
15019
15021
15025
15026
15029
15047
15055
15060
15064
15068
15096
15104
15106
15109
15141
15155
15161
15162
15173
15182
15190
15203
15255
15261
15297
15301
15319
15320
15325
15326
15357
15365
15389
15390
15396
15419
15450
15458
15463
15465
15473
15481
15487
15516
15543
15549
15574
15580
15584
15595
15597
15649
15659
15681
15720
15728
15741
15743
15753
15765
15768
15774
15790
15799
15807
15812
15816
15831
15843
15844
15850
15865
15893
15903
15904
15906
15915
15921
15931
15958
15976
15984
15987
16014
16023
16033
16039
16064
16067
16099
16102
16107
16116
16121
16129
16131
16145
16147
16150
16180
16197
16201
16202
16221
16230
16233
16235
16241
16258
16265
16275
16311
16327
16343
16347
16352
16358
16372
16381
16391
16398
16406
16407
16416
16434
16437
16443
16461
16470
16485
16493
16503
16527
16537
16556
16558
16596
16603
16605
16609
16614
16615
16622
16629
16630
16636
16652
16670
16677
16683
16688
16695
16706
16718
16724
16757
16763
16773
16774
16775
16777
16785
16788
16795
16798
16803
16813
16821
16826
16846
16855
16872
16883
16894
16914
16924
16941
16954
16956
16957
16958
16964
16965
16966
16969
16972
17011
17014
17020
17039
17048
17054
17057
17066
17068
17070
17080
17083
17092
17095
17106
17107
17117
17128
17129
17130
17148
17165
17173
17181
17186
17193
17195
17207
17233
17235
17249
17259
17272
17295
17304
17308
17315
17317
17320
17327
17330
17338
17341
17356
17368
17379
17420
17422
17446
17447
17475
17482
17484
17493
17508
17546
17554
17556
17572
17575
17588
17594
17599
17605
17626
17638
17646
17656
17669
17676
17708
17714
17731
17739
17741
17742
17743
17746
17747
17756
17757
17785
17787
17789
17801
17802
17816
17817
17821
17823
17830
17844
17845
17865
17871
17885
17913
17914
17917
17930
17933
17934
17938
17941
17955
17956
17958
17974
17989
17990
18006
18014
18041
18053
18057
18062
18071
18082
18099
18100
18107
18117
18170
18172
18215
18216
18223
18228
18235
18236
18241
18246
18254
18260
18284
18292
18307
18313
18318
18343
18345
18354
18357
18385
18394
18401
18416
18432
18442
18459
18477
18491
18494
18517
18536
18537
18541
18557
18560
18562
18564
18580
18583
18601
18603
18617
18646
18647
18654
18668
18678
18722
18723
18725
18727
18751
18771
18773
18785
18794
18804
18812
18832
18834
18852
18871
18875
18876
18881
18897
18905
18907
18915
18922
18933
18942
18958
18961
18975
18980
18981
18992
19015
19020
19022
19036
19048
19074
19095
19101
19128
19138
19139
19143
19154
19159
19160
19161
19167
19174
19178
19184
19199
19206
19207
19220
19240
19266
19278
19288
19295
19296
19322
19367
19371
19378
19379
19395
19401
19411
19412
19435
19438
19443
19471
19474
19495
19504
19509
19517
19520
19533
19545
19549
19551
19555
19559
19566
19600
19602
19604
19608
19619
19621
19653
19669
19676
19699
19704
19705
19735
19742
19752
19758
19760
19766
19771
19785
19805
19815
19839
19845
19853
19858
19864
19867
19869
19883
19893
19901
19909
19911
19923
19933
19937
19942
19960
19970
19972
19974
19990
20006
20007
20018
20027
20050
20051
20056
20074
20080
20087
20099
20106
20111
20114
20115
20134
20139
20182
20200
20201
20206
20208
20211
20238
20253
20264
20271
20272
20282
20285
20289
20290
20291
20298
20301
20304
20318
20319
20344
20348
20367
20388
20390
20396
20406
20409
20428
20445
20447
20464
20465
20472
20478
20490
20499
20500
20508
20511
20513
20521
20524
20527
20531
20532
20543
20554
20555
20570
20625
20642
20644
20661
20670
20698
20713
20725
20728
20732
20757
20770
20785
20794
20798
20827
20838
20843
20854
20868
20875
20881
20903
20913
20918
20919
20925
20929
20935
20945
20954
20958
20963
20977
20992
21007
21014
21015
21041
21066
21073
21082
21094
21100
21109
21140
21142
21144
21145
21184
21190
21193
21200
21210
21215
21217
21224
21245
21252
21255
21269
21283
21290
21305
21313
21325
21339
21355
21379
21380
21384
21388
21394
21474
21488
21498
21513
21525
21533
21535
21536
21537
21542
21546
21562
21563
21570
21572
21587
21596
21610
21614
21615
21636
21644
21660
21669
21675
21678
21692
21709
21718
21720
21731
21746
21751
21757
21759
21766
21772
21786
21791
21820
21837
21843
21848
21869
21874
21878
21882
21883
21903
21917
21918
21925
21934
21936
21943
21944
21956
21971
21975
21978
21987
21997
22000
22006
22008
22018
22023
22030
22037
22058
22077
22090
22098
22115
22130
22159
22188
22226
22230
22245
22262
22294
22304
22320
22326
22332
22346
22355
22357
22366
22370
22373
22382
22388
22391
22400
22401
22411
22413
22421
22436
22439
22466
22468
22499
22509
22518
22539
22547
22558
22562
22563
22579
22589
22598
22638
22649
22651
22653
22664
22665
22667
22681
22689
22710
22716
22726
22737
22755
22775
22786
22787
22796
22802
22803
22831
22857
22870
22871
22886
22887
22915
22935
22944
22946
22947
22968
22985
22987
22991
22993
22994
23001
23006
23020
23024
23027
23033
23038
23042
23045
23050
23074
23078
23092
23114
23134
23150
23164
23165
23184
23195
23228
23229
23250
23252
23254
23260
23270
23280
23288
23290
23293
23296
23301
23308
23310
23313
23329
23346
23347
23351
23356
23358
23359
23360
23372
23381
23385
23387
23399
23408
23420
23421
23424
23427
23442
23446
23502
23510
23516
23543
23554
23577
23586
23598
23600
23608
23616
23617
23630
23649
23652
23658
23661
23684
23686
23687
23693
23695
23698
23703
23711
23761
23767
23771
23799
23808
23824
23852
23861
23864
23879
23927
23930
23942
23947
23971
23977
23991
23999
24003
24008
24026
24028
24047
24049
24051
24068
24094
24097
24104
24105
24125
24135
24172
24189
24195
24196
24202
24209
24213
24215
24221
24222
24228
24249
24272
24274
24280
24281
24288
24295
24307
24323
24328
24333
24360
24368
24394
24416
24433
24434
24445
24457
24462
24485
24492
24507
24544
24545
24571
24572
24574
24577
24583
24594
24595
24600
24627
24647
24649
24651
24682
24706
24711
24712
24724
24739
24744
24750
24752
24755
24764
24771
24774
24779
24783
24804
24814
24815
24830
24833
24844
24866
24867
24882
24887
24893
24895
24911
24913
24916
24917
24939
24979
24994
25041
25061
25068
25072
25083
25084
25088
25098
25106
25115
25117
25126
25144
25149
25151
25200
25204
25207
25230
25233
25237
25268
25270
25276
25292
25310
25316
25323
25326
25327
25328
25350
25357
25361
25366
25370
25387
25388
25395
25399
25406
25416
25423
25432
25436
25438
25455
25459
25461
25482
25486
25490
25494
25505
25509
25531
25535
25553
25578
25584
25619
25647
25649
25659
25671
25678
25685
25693
25697
25698
25705
25708
25726
25744
25747
25750
25754
25758
25766
25778
25791
25809
25832
25835
25842
25852
25855
25858
25901
25915
25921
25925
25929
25932
25952
25968
25969
25983
25995
26000
26001
26003
26009
26015
26020
26024
26045
26065
26080
26084
26088
26127
26128
26135
26140
26146
26169
26174
26191
26209
26211
26218
26236
26241
26243
26247
26249
26258
26267
26287
26291
26297
26300
26312
26314
26315
26327
26329
26331
26351
26356
26369
26371
26376
26382
26390
26417
26426
26427
26440
26447
26455
26459
26471
26487
26496
26498
26500
26504
26518
26537
26552
26560
26567
26568
26579
26584
26587
26589
26590
26610
26634
26646
26653
26656
26668
26701
26714
26720
26724
26730
26735
26750
26763
26776
26779
26794
26798
26829
26852
26860
26869
26900
26926
26932
26940
26942
26948
26951
26959
26971
26977
26992
26995
27012
27043
27052
27073
27078
27079
27106
27119
27129
27159
27165
27166
27174
27189
27206
27209
27211
27219
27232
27238
27243
27258
27268
27269
27283
27285
27292
27297
27306
27309
27316
27318
27325
27330
27331
27336
27337
27361
27362
27371
27395
27409
27417
27429
27431
27433
27439
27440
27441
27456
27468
27473
27499
27504
27514
27537
27538
27570
27572
27583
27590
27595
27623
27624
27627
27635
27642
27647
27651
27654
27661
27664
27671
27691
27692
27712
27714
27716
27724
27733
27738
27739
27748
27761
27779
27781
27782
27783
27786
27789
27792
27794
27822
27827
27828
27858
27875
27888
27894
27896
27911
27917
27932
27940
27969
27971
27977
27978
28004
28011
28022
28049
28058
28066
28083
28088
28092
28096
28119
28139
28147
28166
28180
28190
28193
28211
28216
28226
28255
28256
28263
28281
28304
28316
28326
28337
28350
28364
28366
28369
28384
28391
28405
28415
28423
28425
28428
28436
28454
28483
28500
28508
28518
28535
28536
28556
28565
28575
28593
28607
28612
28623
28634
28643
28656
28668
28679
28682
28697
28698
28707
28716
28729
28739
28742
28751
28753
28793
28795
28827
28828
28846
28861
28877
28880
28899
28900
28903
28909
28916
28921
28931
28948
28972
28986
28995
28998
29011
29016
29020
29025
29041
29054
29079
29104
29118
29119
29128
29129
29144
29145
29147
29154
29162
29175
29179
29182
29206
29214
29225
29259
29281
29283
29294
29322
29336
29342
29360
29368
29391
29404
29422
29423
29430
29433
29434
29437
29439
29452
29457
29462
29463
29469
29473
29478
29479
29484
29492
29494
29500
29504
29507
29520
29529
29535
29561
29566
29567
29573
29582
29590
29592
29593
29599
29602
29611
29613
29619
29629
29635
29644
29680
29712
29715
29716
29722
29733
29752
29763
29771
29778
29779
29802
29804
29806
29813
29834
29841
29859
29864
29866
29878
29886
29896
29900
29912
29915
29936
29948
29952
29953
29961
29964
29970
29972
29984
29988
29994
30004
30005
30014
30027
30033
30037
30040
30048
30054
30059
30070
30085
30086
30087
30098
30118
30121
30130
30132
30151
30169
30178
30186
30189
30233
30273
30285
30300
30305
30317
30330
30346
30351
30361
30383
30405
30406
30414
30419
30432
30434
30466
30475
30477
30484
30485
30508
30525
30539
30560
30561
30567
30580
30588
30589
30591
30614
30616
30625
30626
30633
30636
30641
30647
30655
30661
30671
30683
30692
30693
30695
30702
30745
30764
30767
30773
30786
30797
30807
30820
30831
30841
30863
30867
30868
30871
30878
30906
30911
30920
30931
30932
30943
30953
30976
30978
30981
30995
31001
31017
31024
31028
31060
31062
31087
31090
31094
31106
31118
31130
31147
31163
31172
31179
31183
31189
31205
31206
31230
31238
31249
31253
31259
31271
31275
31278
31291
31308
31318
31323
31329
31334
31336
31366
31369
31383
31385
31402
31413
31438
31439
31458
31462
31467
31475
31485
31487
31493
31496
31500
31514
31538
31549
31568
31572
31575
31581
31584
31602
31620
31637
31671
31672
31674
31675
31680
31693
31694
31702
31720
31731
31741
31754
31755
31756
31771
31773
31778
31788
31815
31829
31852
31873
31874
31875
31883
31885
31894
31902
31911
31915
31924
31939
31956
31983
31992
32000
32006
32014
32017
32021
32024
32033
32037
32043
32051
32069
32073
32074
32079
32093
32100
32104
32118
32129
32154
32166
32169
32189
32197
32198
32199
32208
32213
32216
32240
32242
32261
32266
32273
32282
32300
32305
32309
32316
32322
32335
32342
32366
32379
32380
32384
32385
32387
32393
32404
32408
32415
32424
32432
32438
32443
32446
32490
32491
32492
32501
32512
32532
32555
32558
32562
32580
32582
32588
32594
32634
32654
32684
32694
32695
32696
32697
32704
32712
32714
32721
32722
32724
32728
32763
32770
32779
32787
32792
32805
32824
32825
32830
32847
32853
32855
32897
32905
32934
32942
32953
32954
32972
32986
32994
32998
33005
33021
33031
33038
33052
33055
33063
33064
33066
33067
33068
33077
33082
33110
33111
33117
33120
33129
33158
33183
33184
33189
33210
33219
33227
33229
33235
33240
33260
33270
33276
33284
33296
33301
33305
33325
33342
33343
33359
33366
33377
33381
33387
33420
33422
33461
33490
33496
33508
33515
33522
33528
33534
33542
33552
33561
33567
33571
33578
33582
33586
33589
33602
33609
33616
33621
33645
33650
33656
33660
33662
33671
33673
33685
33697
33711
33716
33721
33727
33728
33733
33737
33740
33753
33759
33767
33768
33806
33807
33812
33833
33861
33872
33877
33897
33904
33917
33924
33944
33960
33961
33968
33993
33995
34008
34009
34019
34021
34035
34046
34052
34059
34110
34111
34129
34132
34148
34156
34158
34169
34180
34182
34186
34194
34203
34222
34226
34242
34250
34265
34267
34269
34315
34324
34326
34357
34360
34372
34375
34402
34421
34424
34436
34446
34464
34469
34478
34482
34511
34517
34529
34538
34544
34545
34559
34560
34566
34570
34573
34582
34587
34598
34618
34630
34636
34651
34675
34686
34687
34694
34696
34700
34701
34703
34708
34722
34726
34731
34732
34748
34759
34795
34811
34827
34839
34844
34851
34853
34866
34868
34875
34901
34932
34934
34942
34952
34956
34957
34961
34964
34982
34997
35001
35011
35035
35044
35045
35047
35059
35066
35068
35089
35096
35100
35104
35110
35123
35126
35132
35133
35147
35150
35186
35188
35194
35213
35231
35233
35245
35258
35259
35269
35271
35278
35279
35286
35287
35293
35303
35304
35306
35321
35342
35344
35352
35369
35393
35397
35401
35408
35413
35432
35442
35444
35459
35460
35462
35477
35512
35515
35520
35527
35535
35537
35545
35548
35549
35586
35588
35598
35640
35642
35662
35663
35671
35672
35674
35675
35692
35730
35733
35740
35756
35776
35790
35806
35813
35838
35845
35850
35897
35920
35930
35932
35948
35955
35969
35977
35978
35984
35986
36001
36021
36028
36062
36081
36092
36099
36112
36117
36132
36134
36159
36170
36192
36214
36219
36238
36239
36243
36247
36253
36259
36272
36275
36283
36301
36308
36315
36318
36336
36356
36366
36373
36406
36413
36432
36438
36443
36448
36449
36454
36466
36497
36498
36502
36507
36512
36518
36541
36551
36553
36567
36579
36582
36585
36602
36607
36618
36629
36637
36645
36668
36669
36685
36693
36696
36714
36717
36733
36740
36742
36758
36762
36776
36784
36790
36811
36819
36822
36841
36850
36862
36890
36894
36905
36916
36917
36927
36929
36930
36939
36944
36960
36969
36995
37000
37005
37024
37037
37047
37048
37053
37066
37070
37077
37102
37119
37121
37123
37139
37144
37162
37172
37175
37176
37191
37198
37205
37213
37224
37225
37227
37240
37261
37262
37281
37282
37287
37303
37304
37325
37328
37332
37348
37361
37363
37371
37378
37394
37400
37404
37413
37414
37418
37426
37427
37430
37432
37433
37436
37439
37441
37442
37457
37459
37478
37488
37492
37494
37512
37513
37515
37521
37528
37534
37553
37558
37567
37569
37588
37601
37603
37623
37625
37664
37666
37667
37672
37682
37696
37702
37719
37734
37737
37744
37750
37762
37763
37764
37774
37782
37784
37787
37790
37801
37803
37822
37838
37875
37879
37887
37892
37907
37910
37912
37922
37937
37940
37958
37977
37978
37987
37993
37998
38010
38037
38038
38045
38061
38066
38074
38094
38103
38111
38124
38132
38134
38136
38138
38153
38154
38159
38192
38205
38208
38236
38241
38242
38245
38291
38313
38317
38324
38328
38336
38346
38372
38373
38376
38387
38391
38398
38412
38416
38420
38421
38422
38433
38456
38475
38476
38482
38492
38496
38500
38519
38522
38537
38550
38553
38586
38607
38615
38617
38621
38629
38634
38635
38653
38655
38657
38665
38669
38676
38688
38697
38706
38722
38724
38764
38766
38768
38776
38782
38793
38805
38841
38847
38863
38865
38877
38881
38882
38897
38925
38931
38941
38951
38976
38995
39003
39004
39006
39007
39013
39025
39057
39065
39084
39106
39109
39111
39118
39120
39123
39127
39133
39140
39170
39180
39189
39199
39210
39212
39221
39234
39235
39244
39250
39254
39263
39266
39276
39301
39303
39316
39317
39327
39336
39347
39385
39387
39408
39412
39440
39480
39503
39525
39527
39532
39533
39548
39582
39590
39591
39594
39603
39629
39631
39632
39633
39639
39640
39645
39649
39668
39674
39681
39688
39693
39703
39712
39717
39723
39732
39751
39774
39787
39788
39790
39803
39816
39846
39856
39857
39867
39886
39889
39895
39902
39913
39915
39917
39919
39921
39929
39959
39983
39996
40004
40007
40048
40073
40090
40094
40105
40136
40144
40170
40220
40239
40243
40249
40252
40260
40268
40269
40278
40285
40293
40305
40308
40309
40312
40328
40334
40336
40348
40349
40357
40388
40397
40446
40470
40475
40477
40495
40499
40501
40509
40512
40514
40529
40531
40540
40544
40548
40556
40560
40566
40571
40575
40596
40612
40614
40630
40638
40668
40680
40693
40701
40705
40709
40719
40753
40754
40789
40793
40810
40818
40819
40823
40827
40828
40834
40843
40845
40847
40854
40868
40884
40899
40908
40914
40941
40947
40959
40962
40970
40972
40979
41012
41018
41027
41053
41056
41057
41063
41064
41071
41082
41083
41084
41102
41108
41118
41128
41132
41140
41141
41142
41172
41174
41177
41185
41194
41219
41226
41242
41256
41268
41272
41274
41285
41299
41310
41315
41329
41332
41334
41337
41344
41347
41351
41352
41363
41373
41374
41408
41413
41416
41419
41434
41442
41451
41467
41471
41472
41478
41479
41505
41513
41515
41520
41559
41563
41570
41603
41604
41607
41613
41622
41632
41637
41640
41643
41649
41657
41662
41673
41677
41685
41700
41714
41728
41731
41739
41740
41744
41762
41785
41788
41791
41798
41805
41806
41816
41818
41820
41837
41854
41858
41865
41866
41880
41894
41900
41929
41956
41964
41968
41970
41973
41995
42025
42029
42034
42039
42051
42065
42071
42109
42110
42111
42112
42114
42115
42117
42122
42125
42127
42134
42149
42172
42173
42181
42182
42206
42236
42251
42274
42280
42281
42282
42305
42306
42308
42312
42318
42332
42366
42380
42381
42383
42391
42393
42412
42416
42418
42451
42460
42468
42469
42491
42498
42518
42521
42523
42528
42531
42533
42555
42557
42572
42579
42583
42594
42611
42612
42624
42627
42642
42649
42663
42672
42673
42697
42701
42708
42717
42747
42772
42779
42782
42793
42808
42830
42837
42842
42874
42875
42884
42886
42907
42944
42959
42967
42969
42995
42998
43004
43013
43016
43022
43030
43043
43045
43052
43069
43072
43079
43088
43106
43107
43122
43124
43134
43143
43145
43153
43158
43160
43166
43171
43177
43197
43201
43220
43228
43258
43279
43280
43284
43329
43330
43336
43341
43373
43384
43390
43399
43407
43415
43416
43418
43423
43433
43441
43452
43460
43464
43471
43483
43485
43500
43515
43521
43522
43535
43539
43550
43578
43593
43594
43615
43669
43676
43680
43682
43701
43704
43718
43741
43754
43760
43769
43777
43794
43800
43826
43834
43836
43851
43870
43886
43889
43890
43893
43894
43902
43909
43915
43920
43924
43948
43951
44021
44044
44045
44059
44061
44091
44107
44116
44120
44121
44126
44138
44154
44156
44158
44162
44173
44192
44193
44195
44216
44219
44220
44227
44238
44249
44251
44258
44262
44263
44266
44273
44275
44278
44302
44307
44311
44328
44331
44342
44349
44385
44386
44407
44411
44420
44431
44441
44450
44463
44501
44505
44532
44536
44542
44544
44559
44563
44565
44576
44596
44605
44606
44616
44626
44633
44641
44642
44644
44649
44655
44659
44675
44690
44715
44722
44740
44743
44750
44752
44778
44797
44804
44808
44814
44816
44828
44832
44836
44846
44847
44867
44875
44881
44888
44900
44904
44911
44914
44928
44938
44941
44968
44970
44986
44993
45008
45018
45021
45028
45029
45053
45054
45067
45084
45085
45096
45102
45112
45113
45114
45146
45151
45161
45177
45187
45192
45202
45212
45233
45250
45251
45258
45276
45283
45300
45306
45326
45347
45359
45383
45385
45399
45404
45415
45428
45433
45434
45440
45445
45458
45476
45477
45482
45494
45495
45498
45500
45506
45515
45519
45521
45526
45534
45544
45553
45561
45563
45569
45571
45578
45580
45587
45588
45589
45591
45592
45595
45619
45623
45635
45639
45664
45672
45703
45704
45709
45711
45736
45739
45761
45782
45805
45811
45822
45838
45844
45849
45857
45868
45875
45892
45904
45908
45910
45921
45933
45939
45964
45972
45992
46008
46012
46035
46051
46058
46062
46082
46083
46093
46095
46111
46113
46116
46124
46155
46173
46197
46198
46245
46250
46251
46276
46280
46297
46303
46319
46321
46332
46334
46342
46367
46371
46387
46401
46428
46444
46449
46458
46471
46474
46478
46481
46499
46505
46512
46514
46522
46526
46539
46548
46549
46552
46554
46610
46612
46633
46635
46638
46656
46658
46666
46690
46701
46712
46725
46736
46742
46754
46757
46769
46772
46773
46791
46797
46798
46799
46816
46817
46826
46870
46874
46881
46893
46898
46910
46916
46919
46955
46960
46979
47016
47038
47040
47045
47046
47048
47055
47080
47081
47098
47100
47106
47107
47118
47142
47154
47159
47164
47169
47186
47190
47201
47211
47212
47215
47220
47223
47240
47272
47284
47313
47320
47356
47370
47381
47385
47415
47420
47423
47424
47427
47446
47448
47451
47459
47467
47469
47489
47493
47502
47511
47512
47517
47529
47545
47548
47550
47552
47561
47573
47576
47614
47619
47625
47653
47658
47660
47665
47671
47675
47681
47706
47707
47710
47714
47715
47717
47742
47755
47757
47765
47780
47797
47814
47818
47826
47835
47838
47858
47863
47880
47886
47904
47913
47914
47955
47968
47971
47975
47984
48014
48016
48028
48029
48031
48042
48056
48058
48059
48099
48101
48119
48141
48149
48154
48175
48183
48186
48190
48191
48207
48209
48216
48217
48243
48244
48245
48249
48257
48272
48281
48284
48292
48297
48306
48307
48312
48326
48352
48389
48399
48415
48434
48448
48463
48474
48480
48483
48490
48500
48520
48521
48523
48529
48553
48563
48572
48577
48598
48599
48609
48612
48613
48627
48629
48635
48646
48647
48649
48693
48694
48707
48713
48723
48725
48728
48761
48770
48772
48782
48809
48840
48843
48851
48852
48874
48877
48891
48895
48913
48941
48966
48976
48987
48993
49004
49008
49021
49038
49066
49080
49088
49097
49117
49139
49141
49143
49146
49157
49176
49189
49199
49207
49260
49269
49283
49284
49290
49301
49318
49327
49343
49351
49352
49354
49361
49365
49373
49400
49403
49421
49431
49445
49451
49465
49469
49470
49489
49520
49529
49537
49538
49544
49547
49551
49575
49576
49585
49593
49598
49616
49632
49646
49665
49675
49677
49680
49695
49719
49722
49731
49733
49735
49747
49750
49758
49777
49782
49804
49828
49839
49842
49851
49853
49860
49862
49881
49915
49928
49931
49932
49933
49944
49964
49966
49986
49998
