5
8
9
11
13
22
23
26
28
33
36
42
43
45
58
63
72
73
77
78
87
90
92
93
101
104
105
112
120
121
131
135
138
139
144
147
148
150
154
163
166
172
173
177
186
191
192
193
196
197
200
201
206
208
212
220
223
235
240
241
247
248
270
271
273
275
276
278
279
280
286
293
296
299
302
303
304
310
318
322
323
330
331
335
337
338
343
345
348
360
362
365
366
369
370
382
384
386
387
390
393
406
411
428
432
439
441
445
446
454
456
457
458
460
478
482
496
500
501
504
508
509
515
526
527
533
534
537
548
549
551
556
557
560
561
569
572
580
590
596
600
605
606
610
614
620
622
624
653
659
662
664
666
669
670
674
689
692
693
695
698
700
702
704
705
708
710
713
716
717
726
731
732
734
737
740
742
744
753
754
755
768
776
779
786
787
790
796
804
811
815
816
820
821
822
826
827
830
832
837
846
847
849
855
857
871
873
880
884
885
904
908
913
915
916
924
930
935
949
953
954
964
966
972
984
988
996
999
1007
1009
1019
1021
1024
1025
1026
1029
1048
1055
1064
1065
1066
1073
1074
1080
1083
1086
1087
1092
1095
1101
1106
1118
1119
1127
1130
1140
1145
1146
1153
1177
1178
1181
1186
1195
1199
1201
1209
1214
1220
1223
1235
1240
1244
1248
1253
1265
1273
1276
1279
1292
1295
1298
1315
1324
1325
1327
1336
1339
1342
1343
1346
1354
1382
1384
1386
1387
1393
1399
1414
1425
1433
1437
1444
1447
1449
1455
1466
1470
1474
1476
1491
1494
1499
1507
1514
1515
1516
1518
1521
1550
1555
1563
1572
1579
1581
1582
1596
1604
1607
1612
1615
1622
1624
1625
1627
1629
1634
1635
1638
1639
1651
1661
1667
1670
1678
1679
1682
1684
1693
1698
1708
1709
1711
1717
1718
1721
1723
1725
1730
1731
1733
1735
1736
1744
1751
1752
1753
1755
1770
1773
1774
1775
1777
1779
1784
1787
1792
1793
1796
1798
1812
1822
1836
1840
1845
1848
1853
1857
1859
1862
1871
1877
1881
1885
1890
1893
1894
1899
1910
1914
1917
1918
1923
1926
1931
1933
1936
1938
1948
1950
1953
1957
1960
1961
1963
1972
1976
1978
1981
1982
1984
1989
2005
2006
2007
2009
2012
2018
2033
2038
2042
2045
2063
2070
2072
2084
2088
2092
2093
2095
2097
2100
2106
2107
2113
2120
2123
2124
2126
2143
2145
2163
2166
2167
2172
2177
2189
2197
2201
2205
2209
2216
2218
2234
2235
2238
2244
2245
2249
2250
2256
2260
2263
2267
2275
2277
2279
2281
2286
2288
2289
2293
2294
2298
2301
2302
2307
2309
2320
2329
2338
2346
2348
2353
2354
2356
2369
2373
2381
2382
2383
2392
2394
2399
2408
2414
2417
2429
2431
2434
2442
2452
2455
2456
2458
2463
2469
2471
2474
2475
2481
2484
2489
2490
2497
2501
2506
2508
2511
2514
2517
2519
2527
2528
2529
2531
2533
2536
2540
2542
2546
2547
2551
2552
2554
2562
2565
2567
2570
2586
2588
2589
2591
2595
2596
2601
2616
2622
2624
2638
2644
2649
2651
2666
2672
2673
2678
2689
2694
2696
2701
2715
2717
2722
2723
2727
2728
2737
2738
2742
2751
2754
2766
2777
2782
2790
2791
2793
2809
2814
2815
2817
2818
2824
2831
2834
2836
2838
2839
2854
2862
2879
2880
2889
2895
2898
2904
2905
2910
2922
2927
2928
2931
2932
2938
2942
2946
2951
2963
2965
2975
2990
2992
2996
2997
2998
2999
3001
3011
3026
3032
3033
3050
3052
3053
3055
3066
3068
3075
3076
3080
3081
3082
3085
3086
3110
3112
3121
3125
3128
3136
3137
3140
3143
3157
3160
3169
3181
3182
3188
3189
3199
3205
3207
3208
3210
3234
3244
3245
3259
3261
3262
3263
3268
3275
3276
3282
3294
3298
3299
3301
3314
3315
3316
3323
3325
3329
3330
3334
3335
3336
3343
3350
3355
3359
3371
3375
3381
3382
3383
3385
3387
3390
3392
3395
3402
3417
3429
3434
3439
3445
3455
3456
3457
3466
3474
3482
3492
3499
3501
3504
3511
3545
3546
3549
3551
3552
3563
3564
3565
3570
3577
3584
3590
3592
3595
3598
3602
3607
3610
3611
3617
3621
3622
3634
3635
3636
3638
3641
3645
3661
3665
3666
3671
3675
3678
3679
3686
3687
3689
3691
3692
3702
3706
3709
3710
3711
3719
3722
3725
3727
3731
3735
3737
3743
3746
3749
3755
3756
3757
3758
3764
3765
3767
3771
3787
3806
3807
3815
3820
3838
3840
3842
3845
3851
3857
3871
3877
3881
3885
3901
3906
3907
3909
3910
3920
3931
3939
3942
3947
3953
3959
3960
3963
3966
3968
3969
3974
3985
3986
3990
3995
3996
4002
4005
4006
4007
4014
4020
4022
4037
4043
4049
4068
4072
4077
4078
4080
4087
4091
4099
4101
4104
4106
4119
4130
4131
4135
4140
4147
4150
4164
4167
4176
4179
4180
4181
4184
4190
4200
4215
4229
4234
4252
4262
4270
4275
4283
4288
4297
4311
4313
4317
4323
4326
4329
4335
4337
4340
4345
4347
4356
4364
4367
4386
4388
4389
4390
4392
4394
4397
4404
4419
4421
4423
4428
4431
4440
4441
4445
4451
4462
4468
4475
4477
4482
4484
4486
4487
4490
4491
4499
4501
4507
4510
4516
4522
4524
4533
4539
4542
4545
4557
4558
4562
4567
4572
4576
4583
4585
4586
4588
4590
4602
4606
4617
4622
4631
4632
4648
4656
4663
4665
4671
4678
4679
4683
4685
4688
4700
4706
4711
4716
4723
4725
4727
4728
4737
4738
4742
4747
4766
4775
4778
4786
4793
4818
4822
4823
4827
4828
4834
4840
4842
4844
4854
4858
4859
4878
4884
4889
4891
4892
4896
4897
4899
4916
4935
4937
4941
4949
4963
4972
4976
4980
4982
4984
4986
4998
5005
5014
5023
5026
5034
5036
5039
5042
5056
5057
5058
5065
5075
5078
5081
5084
5085
5090
5093
5109
5111
5120
5122
5131
5133
5136
5140
5145
5147
5151
5163
5164
5165
5172
5182
5184
5185
5188
5207
5223
5242
5243
5279
5285
5292
5300
5309
5311
5313
5319
5321
5329
5331
5334
5335
5336
5337
5338
5342
5343
5354
5361
5364
5374
5389
5396
5399
5403
5409
5430
5431
5435
5438
5443
5446
5452
5454
5456
5458
5459
5460
5469
5475
5476
5478
5480
5485
5491
5494
5495
5498
5505
5516
5517
5519
5520
5531
5536
5537
5539
5543
5544
5556
5557
5562
5563
5564
5565
5583
5586
5588
5590
5601
5605
5606
5617
5630
5636
5640
5647
5648
5650
5654
5663
5665
5677
5685
5688
5697
5700
5702
5706
5708
5709
5715
5727
5733
5735
5740
5742
5743
5745
5759
5760
5761
5766
5772
5774
5777
5780
5781
5787
5789
5793
5798
5808
5812
5814
5821
5824
5825
5833
5840
5844
5845
5854
5855
5858
5861
5864
5889
5893
5895
5896
5897
5903
5908
5914
5920
5924
5926
5931
5935
5941
5944
5945
5953
5959
5963
5965
5966
5968
5969
5975
5977
5979
5983
5986
6000
6009
6012
6013
6014
6028
6033
6047
6049
6055
6058
6059
6066
6068
6070
6074
6079
6085
6092
6101
6102
6107
6125
6142
6143
6164
6168
6171
6174
6176
6180
6189
6198
6203
6206
6223
6228
6229
6230
6236
6240
6247
6249
6255
6257
6258
6267
6269
6272
6280
6286
6294
6297
6301
6304
6312
6315
6316
6318
6321
6324
6325
6328
6338
6341
6361
6365
6369
6382
6384
6387
6388
6389
6390
6395
6401
6413
6414
6418
6421
6422
6427
6431
6432
6434
6441
6447
6459
6465
6468
6475
6476
6478
6489
6498
6502
6504
6524
6525
6529
6530
6532
6536
6537
6539
6540
6541
6543
6544
6558
6562
6570
6578
6580
6582
6584
6585
6588
6596
6597
6599
6601
6602
6609
6610
6620
6632
6637
6649
6651
6655
6658
6660
6670
6672
6680
6681
6685
6687
6701
6703
6704
6709
6715
6716
6718
6723
6727
6742
6747
6748
6755
6756
6770
6776
6782
6787
6788
6790
6800
6811
6812
6819
6820
6825
6827
6829
6830
6838
6844
6848
6851
6856
6857
6860
6863
6872
6880
6882
6891
6897
6906
6910
6917
6927
6930
6936
6941
6953
6954
6956
6961
6965
6966
6967
6975
6978
6980
6988
6994
6999
7007
7014
7016
7017
7023
7036
7046
7047
7048
7050
7057
7058
7062
7064
7069
7073
7085
7092
7099
7103
7106
7107
7109
7115
7118
7121
7139
7144
7148
7149
7152
7155
7161
7167
7174
7177
7179
7185
7187
7189
7193
7211
7217
7218
7224
7229
7230
7239
7247
7259
7268
7273
7286
7295
7299
7302
7305
7306
7312
7319
7321
7328
7330
7332
7336
7339
7346
7348
7353
7360
7362
7373
7379
7386
7388
7389
7390
7391
7393
7394
7406
7412
7414
7416
7429
7430
7433
7438
7448
7451
7458
7459
7460
7465
7466
7468
7470
7475
7477
7481
7492
7494
7496
7499
7501
7508
7509
7519
7521
7526
7534
7536
7537
7541
7543
7551
7552
7555
7560
7570
7571
7577
7580
7587
7593
7594
7597
7600
7601
7602
7605
7607
7610
7613
7616
7617
7626
7627
7630
7631
7634
7645
7647
7652
7653
7655
7663
7664
7665
7672
7674
7675
7679
7682
7684
7688
7689
7690
7695
7699
7701
7705
7711
7718
7719
7721
7724
7729
7730
7732
7746
7748
7750
7753
7756
7759
7761
7765
7770
7776
7784
7788
7793
7798
7800
7801
7810
7813
7814
7815
7822
7827
7829
7834
7835
7840
7843
7851
7852
7857
7869
7872
7879
7880
7888
7891
7897
7903
7907
7908
7915
7918
7922
7928
7939
7946
7956
7961
7964
7967
7973
7975
7976
7979
7984
7993
7994
7999
8001
8004
8006
8009
8013
8018
8025
8028
8030
8037
8042
8045
8046
8049
8057
8060
8062
8068
8095
8110
8114
8125
8134
8135
8140
8157
8158
8164
8165
8166
8183
8198
8200
8205
8225
8227
8228
8230
8233
8237
8242
8250
8253
8257
8258
8260
8270
8275
8276
8278
8289
8291
8302
8304
8311
8313
8316
8328
8346
8347
8348
8353
8360
8361
8368
8369
8371
8373
8378
8382
8385
8394
8398
8401
8403
8405
8406
8409
8410
8412
8420
8423
8424
8425
8429
8430
8436
8440
8443
8445
8446
8449
8453
8458
8461
8463
8466
8472
8477
8482
8485
8490
8498
8499
8508
8516
8524
8529
8536
8543
8554
8556
8560
8566
8568
8571
8572
8589
8593
8594
8610
8611
8628
8632
8633
8642
8643
8645
8648
8662
8664
8666
8667
8674
8676
8684
8689
8700
8705
8708
8720
8722
8725
8734
8738
8739
8748
8751
8757
8760
8761
8763
8765
8772
8773
8781
8784
8789
8790
8800
8801
8802
8805
8807
8808
8809
8814
8816
8817
8819
8821
8825
8857
8858
8867
8869
8873
8882
8883
8886
8895
8896
8897
8908
8909
8911
8920
8921
8922
8936
8948
8955
8957
8959
8963
8968
8973
8980
8986
8989
8992
8994
9007
9026
9029
9037
9038
9044
9049
9056
9070
9071
9076
9079
9080
9082
9084
9086
9089
9094
9100
9104
9106
9119
9124
9131
9132
9135
9139
9159
9163
9167
9175
9176
9180
9182
9183
9184
9189
9200
9210
9222
9230
9234
9236
9259
9262
9267
9274
9277
9278
9282
9284
9285
9289
9301
9317
9324
9332
9335
9339
9347
9348
9349
9350
9359
9362
9364
9366
9372
9376
9383
9389
9392
9393
9394
9403
9406
9407
9425
9432
9435
9437
9447
9451
9456
9460
9461
9463
9473
9485
9486
9491
9496
9501
9504
9506
9518
9519
9520
9527
9529
9530
9531
9547
9548
9556
9557
9560
9573
9574
9585
9586
9592
9594
9611
9621
9630
9643
9644
9649
9652
9655
9662
9672
9675
9684
9691
9692
9699
9707
9722
9733
9734
9736
9739
9745
9746
9748
9750
9752
9758
9759
9762
9768
9773
9779
9780
9781
9784
9800
9802
9803
9807
9815
9827
9831
9834
9839
9841
9847
9849
9850
9852
9856
9858
9863
9865
9866
9869
9872
9873
9874
9883
9896
9897
9899
9902
9906
9908
9911
9916
9924
9928
9932
9934
9953
9968
9971
9978
9981
9990
10006
10012
10014
10019
10022
10030
10031
10037
10043
10048
10049
10056
10058
10062
10063
10067
10075
10084
10088
10089
10091
10097
10099
10109
10112
10115
10119
10138
10141
10145
10148
10151
10160
10168
10170
10171
10180
10181
10185
10189
10196
10197
10202
10203
10204
10205
10215
10219
10220
10223
10224
10231
10236
10237
10238
10251
10262
10268
10269
10275
10280
10288
10298
10299
10302
10311
10312
10315
10318
10332
10335
10339
10340
10349
10350
10353
10356
10361
10371
10383
10386
10389
10393
10410
10413
10416
10422
10428
10429
10430
10450
10454
10455
10459
10461
10467
10470
10471
10473
10480
10482
10484
10487
10491
10508
10523
10526
10533
10543
10551
10553
10555
10556
10563
10564
10565
10569
10570
10572
10574
10576
10582
10585
10592
10598
10602
10610
10621
10626
10627
10629
10632
10635
10637
10645
10647
10659
10663
10664
10666
10674
10675
10681
10690
10693
10694
10696
10697
10698
10702
10704
10707
10716
10717
10718
10727
10732
10741
10749
10750
10753
10761
10762
10765
10773
10785
10790
10791
10792
10796
10810
10815
10818
10821
10824
10826
10831
10834
10838
10842
10845
10871
10872
10875
10878
10888
10902
10904
10906
10907
10910
10914
10929
10941
10953
10954
10960
10962
10963
10966
10985
10986
10991
10992
10998
10999
11005
11008
11010
11013
11015
11024
11026
11034
11035
11045
11046
11048
11061
11067
11068
11073
11075
11078
11087
11090
11092
11093
11095
11097
11113
11115
11126
11127
11134
11144
11147
11155
11161
11165
11173
11175
11202
11203
11207
11211
11222
11226
11238
11239
11243
11248
11249
11254
11255
11258
11259
11260
11263
11264
11267
11274
11279
11284
11286
11289
11294
11295
11298
11302
11307
11308
11312
11322
11330
11332
11337
11338
11340
11353
11355
11356
11358
11369
11370
11376
11400
11402
11410
11418
11430
11434
11438
11450
11451
11452
11453
11460
11463
11472
11474
11476
11483
11484
11490
11491
11504
11512
11513
11521
11523
11524
11529
11531
11548
11552
11563
11565
11566
11569
11571
11578
11585
11596
11599
11607
11610
11614
11627
11630
11638
11642
11643
11653
11656
11658
11659
11660
11670
11679
11685
11689
11698
11700
11707
11710
11715
11720
11721
11726
11734
11738
11742
11744
11745
11757
11759
11767
11768
11771
11772
11774
11776
11788
11797
11798
11800
11809
11812
11815
11819
11830
11831
11841
11866
11868
11883
11885
11886
11892
11896
11908
11914
11915
11920
11927
11931
11935
11936
11952
11954
11956
11960
11964
11965
11968
11980
11984
11996
11998
12003
12005
12008
12011
12022
12026
12027
12030
12032
12033
12039
12043
12045
12047
12054
12058
12064
12065
12070
12085
12086
12109
12110
12111
12126
12127
12132
12139
12146
12147
12150
12156
12157
12164
12165
12166
12167
12172
12176
12178
12186
12192
12195
12204
12205
12217
12223
12235
12242
12247
12249
12252
12255
12266
12268
12274
12277
12281
12284
12287
12295
12298
12300
12301
12303
12306
12311
12324
12327
12342
12346
12347
12351
12355
12359
12363
12366
12367
12368
12369
12370
12371
12383
12385
12386
12396
12398
12402
12421
12423
12424
12438
12439
12453
12455
12460
12462
12463
12465
12466
12468
12470
12472
12480
12483
12488
12493
12495
12498
12501
12509
12510
12517
12529
12530
12531
12536
12542
12550
12551
12559
12578
12580
12581
12594
12599
12600
12602
12609
12615
12616
12617
12622
12630
12632
12634
12648
12649
12656
12658
12673
12678
12679
12681
12688
12695
12697
12698
12699
12705
12712
12719
12720
12723
12732
12733
12736
12738
12754
12756
12761
12765
12770
12774
12780
12782
12789
12792
12796
12806
12807
12811
12813
12815
12817
12823
12834
12837
12838
12841
12843
12851
12853
12859
12862
12875
12882
12884
12887
12900
12906
12908
12910
12913
12916
12927
12931
12938
12942
12948
12950
12960
12962
12964
12968
12969
12976
12982
12983
12984
12986
12996
13000
13004
13014
13022
13032
13036
13047
13053
13055
13056
13059
13062
13067
13068
13072
13078
13084
13100
13101
13102
13105
13106
13110
13111
13124
13126
13133
13134
13135
13142
13149
13151
13157
13158
13159
13160
13166
13171
13178
13180
13186
13187
13191
13192
13194
13211
13221
13222
13241
13242
13248
13250
13254
13256
13259
13271
13277
13279
13283
13284
13285
13287
13310
13316
13319
13325
13329
13334
13343
13344
13347
13349
13350
13351
13361
13374
13377
13379
13384
13387
13395
13398
13407
13415
13417
13418
13419
13428
13435
13442
13443
13445
13447
13450
13457
13460
13473
13484
13490
13512
13515
13525
13528
13529
13533
13535
13545
13546
13551
13565
13571
13577
13578
13585
13608
13609
13613
13619
13633
13635
13638
13648
13659
13662
13672
13685
13694
13697
13698
13711
13713
13718
13719
13740
13741
13745
13746
13758
13759
13761
13762
13766
13770
13777
13794
13799
13801
13805
13806
13809
13826
13838
13850
13852
13853
13856
13858
13860
13867
13868
13870
13871
13873
13875
13885
13890
13891
13909
13919
13920
13921
13935
13942
13944
13945
13969
13976
13986
13997
13998
14000
14003
14006
14007
14008
14014
14015
14025
14028
14034
14035
14051
14055
14062
14063
14068
14074
14086
14088
14095
14100
14110
14111
14113
14117
14118
14119
14142
14149
14155
14157
14158
14171
14174
14199
14203
14208
14214
14217
14221
14223
14225
14227
14229
14234
14235
14238
14240
14241
14243
14244
14247
14250
14251
14261
14262
14265
14266
14269
14271
14274
14281
14282
14286
14290
14295
14300
14310
14314
14315
14316
14317
14320
14323
14324
14329
14330
14337
14338
14341
14342
14345
14353
14361
14373
14377
14380
14386
14388
14393
14395
14398
14399
14400
14407
14410
14412
14413
14422
14425
14427
14432
14436
14438
14441
14442
14446
14463
14469
14473
14476
14485
14501
14506
14508
14518
14522
14539
14543
14560
14563
14565
14567
14573
14582
14587
14598
14603
14621
14640
14658
14662
14664
14684
14695
14697
14704
14708
14713
14715
14717
14720
14723
14724
14742
14745
14753
14767
14771
14778
14782
14790
14793
14794
14799
14800
14814
14817
14818
14819
14824
14834
14842
14845
14848
14849
14850
14854
14859
14865
14867
14868
14869
14871
14881
14885
14886
14889
14892
14894
14897
14898
14904
14906
14910
14912
14918
14922
14924
14937
14942
14943
14945
14949
14952
14959
14960
14961
14967
14971
14973
14979
14980
14984
14985
14988
14990
14991
14994
15007
15009
15019
15020
15021
15024
15025
15026
15029
15033
15041
15042
15047
15051
15055
15056
15060
15064
15068
15089
15096
15099
15102
15104
15106
15109
15120
15124
15141
15153
15155
15161
15162
15169
15171
15173
15176
15182
15190
15203
15205
15208
15217
15220
15223
15232
15234
15239
15252
15255
15258
15261
15268
15269
15270
15296
15297
15301
15302
15303
15305
15315
15319
15320
15325
15326
15327
15346
15357
15364
15365
15389
15390
15396
15398
15400
15403
15409
15414
15417
15419
15421
15427
15434
15440
15450
15451
15458
15461
15463
15465
15473
15481
15487
15498
15502
15507
15516
15519
15521
15536
15539
15543
15549
15561
15570
15574
15580
15581
15584
15592
15595
15597
15604
15613
15614
15629
15638
15641
15645
15649
15659
15672
15673
15674
15679
15681
15710
15719
15720
15723
15728
15729
15741
15743
15744
15747
15751
15753
15760
15761
15764
15765
15768
15771
15774
15780
15782
15783
15787
15790
15799
15807
15812
15816
15822
15831
15835
15842
15843
15844
15850
15852
15858
15865
15869
15879
15893
15896
15903
15904
15906
15915
15921
15922
15931
15933
15939
15946
15958
15965
15968
15971
15976
15984
15987
15998
16004
16006
16010
16014
16023
16033
16034
16039
16041
16043
16049
16056
16057
16059
16064
16067
16073
16099
16102
16107
16110
16116
16121
16122
16124
16129
16131
16134
16145
16147
16150
16161
16165
16180
16183
16184
16193
16197
16201
16202
16210
16220
16221
16230
16233
16235
16238
16241
16258
16263
16265
16268
16275
16290
16294
16311
16312
16316
16326
16327
16336
16341
16343
16347
16352
16358
16365
16366
16372
16375
16381
16390
16391
16398
16399
16406
16407
16410
16416
16425
16434
16436
16437
16439
16443
16449
16454
16457
16461
16470
16485
16488
16493
16500
16502
16503
16506
16511
16521
16527
16529
16536
16537
16550
16556
16557
16558
16575
16586
16595
16596
16599
16600
16603
16605
16609
16614
16615
16622
16627
16629
16630
16636
16652
16658
16670
16676
16677
16683
16688
16692
16695
16706
16708
16711
16718
16721
16724
16726
16727
16737
16738
16744
16757
16758
16760
16763
16764
16769
16773
16774
16775
16777
16785
16788
16792
16794
16795
16798
16803
16813
16814
16816
16817
16821
16826
16846
16852
16855
16861
16865
16866
16868
16870
16872
16873
16875
16883
16894
16903
16904
16905
16914
16922
16924
16933
16936
16941
16948
16954
16956
16957
16958
16964
16965
16966
16967
16969
16972
16977
16980
16981
16994
17010
17011
17014
17020
17027
17029
17034
17038
17039
17048
17053
17054
17057
17066
17068
17070
17080
17082
17083
17092
17093
17095
17106
17107
17114
17117
17128
17129
17130
17134
17136
17137
17148
17151
17155
17165
17173
17177
17181
17186
17188
17190
17193
17195
17201
17207
17210
17212
17233
17235
17249
17251
17259
17260
17272
17285
17291
17295
17304
17308
17314
17315
17317
17318
17320
17321
17324
17327
17330
17337
17338
17341
17352
17356
17364
17368
17376
17379
17381
17383
17388
17399
17400
17413
17420
17422
17427
17436
17446
17447
17454
17457
17463
17464
17472
17475
17480
17482
17484
17490
17491
17493
17499
17507
17508
17516
17537
17540
17546
17549
17554
17556
17559
17562
17568
17569
17572
17575
17577
17588
17591
17594
17598
17599
17605
17610
17611
17626
17638
17643
17646
17647
17648
17652
17653
17656
17663
17669
17674
17676
17698
17708
17710
17714
17724
17731
17732
17739
17741
17742
17743
17746
17747
17756
17757
17779
17785
17787
17789
17794
17801
17802
17803
17805
17816
17817
17821
17823
17830
17844
17845
17856
17864
17865
17871
17885
17894
17908
17913
17914
17917
17928
17929
17930
17933
17934
17938
17941
17955
17956
17957
17958
17967
17974
17976
17980
17989
17990
17991
18006
18009
18014
18017
18018
18021
18030
18034
18039
18041
18047
18053
18057
18062
18069
18071
18080
18082
18085
18099
18100
18107
18111
18113
18117
18124
18125
18132
18141
18143
18150
18170
18172
18192
18198
18199
18208
18211
18215
18216
18218
18223
18228
18235
18236
18241
18244
18246
18254
18260
18284
18292
18297
18307
18313
18317
18318
18328
18343
18345
18354
18357
18358
18361
18363
18367
18369
18372
18376
18379
18383
18385
18394
18395
18401
18416
18432
18440
18442
18451
18458
18459
18461
18468
18476
18477
18482
18483
18490
18491
18494
18498
18503
18504
18510
18517
18523
18526
18536
18537
18539
18541
18551
18557
18558
18560
18562
18564
18572
18574
18580
18583
18600
18601
18603
18617
18641
18643
18646
18647
18654
18655
18668
18678
18679
18681
18687
18711
18712
18722
18723
18725
18727
18729
18743
18749
18751
18756
18759
18771
18773
18780
18785
18787
18794
18804
18809
18812
18822
18827
18832
18833
18834
18836
18852
18862
18871
18875
18876
18881
18894
18897
18900
18902
18905
18907
18911
18915
18917
18918
18922
18926
18933
18940
18942
18943
18952
18953
18958
18961
18975
18979
18980
18981
18992
18995
19000
19002
19009
19015
19020
19022
19035
19036
19039
19040
19042
19048
19059
19066
19068
19074
19078
19095
19099
19101
19102
19103
19107
19114
19122
19128
19138
19139
19143
19145
19147
19154
19159
19160
19161
19162
19167
19170
19171
19174
19178
19182
19184
19185
19186
19196
19199
19206
19207
19208
19209
19220
19222
19226
19230
19232
19240
19266
19267
19269
19274
19278
19282
19288
19295
19296
19299
19308
19316
19322
19330
19332
19333
19347
19348
19352
19356
19361
19367
19371
19378
19379
19380
19390
19393
19395
19398
19399
19401
19405
19411
19412
19419
19428
19430
19435
19438
19442
19443
19446
19458
19468
19471
19473
19474
19487
19495
19504
19509
19517
19520
19522
19524
19533
19542
19545
19549
19551
19555
19559
19566
19568
19569
19581
19600
19602
19604
19608
19610
19619
19620
19621
19624
19628
19653
19668
19669
19676
19687
19699
19704
19705
19706
19709
19735
19742
19747
19752
19758
19760
19765
19766
19771
19772
19783
19785
19787
19803
19804
19805
19806
19815
19826
19839
19842
19845
19846
19849
19852
19853
19858
19864
19867
19869
19879
19883
19890
19893
19898
19901
19909
19911
19916
19923
19933
19935
19937
19942
19944
19945
19946
19960
19967
19970
19972
19974
19983
19990
19992
19994
20006
20007
20018
20027
20033
20035
20050
20051
20056
20070
20074
20078
20080
20081
20085
20087
20090
20099
20100
20105
20106
20110
20111
20113
20114
20115
20117
20121
20134
20136
20137
20139
20144
20158
20165
20170
20177
20182
20187
20200
20201
20203
20206
20208
20211
20212
20214
20227
20232
20235
20238
20253
20255
20261
20264
20270
20271
20272
20282
20285
20289
20290
20291
20298
20301
20302
20304
20318
20319
20327
20338
20343
20344
20348
20352
20367
20370
20372
20386
20388
20390
20396
20399
20400
20403
20406
20409
20428
20431
20445
20447
20453
20456
20464
20465
20470
20471
20472
20478
20490
20499
20500
20504
20508
20511
20513
20521
20524
20527
20531
20532
20540
20543
20554
20555
20558
20568
20570
20571
20601
20620
20622
20625
20630
20642
20644
20647
20661
20664
20670
20677
20678
20680
20695
20698
20713
20723
20725
20728
20732
20751
20753
20755
20756
20757
20767
20768
20770
20785
20794
20798
20799
20800
20809
20827
20838
20843
20854
20861
20867
20868
20872
20875
20881
20885
20888
20897
20899
20900
20903
20913
20917
20918
20919
20925
20929
20930
20932
20935
20945
20954
20955
20957
20958
20959
20963
20977
20978
20985
20992
20994
21007
21009
21012
21014
21015
21022
21024
21028
21031
21041
21045
21058
21066
21072
21073
21077
21082
21083
21094
21100
21105
21109
21120
21121
21126
21140
21142
21143
21144
21145
21153
21160
21161
21167
21176
21184
21189
21190
21191
21193
21195
21200
21206
21210
21214
21215
21216
21217
21224
21232
21235
21240
21242
21245
21246
21247
21252
21255
21269
21281
21282
21283
21287
21290
21303
21305
21309
21310
21313
21314
21321
21325
21328
21337
21339
21342
21346
21351
21353
21355
21356
21357
21360
21362
21365
21366
21367
21379
21380
21384
21388
21394
21408
21425
21426
21431
21435
21437
21445
21447
21459
21467
21474
21477
21488
21498
21501
21513
21516
21521
21525
21533
21535
21536
21537
21542
21543
21545
21546
21547
21549
21552
21562
21563
21566
21570
21571
21572
21575
21580
21587
21590
21596
21597
21603
21607
21609
21610
21612
21614
21615
21626
21629
21636
21642
21644
21660
21665
21668
21669
21675
21678
21689
21692
21695
21701
21707
21709
21712
21718
21720
21723
21729
21731
21732
21746
21748
21751
21757
21759
21762
21766
21772
21780
21786
21791
21802
21812
21817
21820
21836
21837
21843
21848
21856
21861
21864
21868
21869
21874
21878
21882
21883
21886
21891
21893
21896
21901
21903
21916
21917
21918
21923
21925
21934
21936
21943
21944
21945
21947
21949
21951
21952
21956
21971
21975
21978
21987
21997
22000
22005
22006
22008
22009
22018
22020
22023
22024
22030
22037
22058
22061
22062
22067
22068
22077
22080
22090
22091
22098
22103
22112
22115
22116
22118
22123
22125
22129
22130
22139
22151
22159
22161
22170
22175
22176
22178
22188
22195
22214
22219
22226
22229
22230
22236
22242
22245
22246
22249
22254
22262
22264
22266
22271
22275
22276
22283
22287
22288
22294
22296
22300
22302
22304
22312
22318
22319
22320
22326
22332
22341
22346
22353
22355
22357
22366
22370
22373
22380
22382
22388
22391
22397
22400
22401
22403
22408
22409
22411
22413
22420
22421
22425
22427
22428
22430
22434
22436
22439
22450
22456
22459
22462
22466
22467
22468
22491
22499
22501
22509
22517
22518
22519
22532
22534
22539
22542
22544
22547
22551
22558
22562
22563
22565
22575
22578
22579
22587
22589
22598
22599
22608
22611
22613
22623
22624
22630
22636
22638
22649
22651
22653
22664
22665
22667
22672
22676
22681
22682
22689
22710
22712
22715
22716
22719
22726
22729
22737
22744
22749
22754
22755
22766
22771
22775
22778
22786
22787
22796
22802
22803
22808
22826
22831
22832
22845
22853
22856
22857
22862
22863
22867
22870
22871
22874
22886
22887
22903
22915
22919
22928
22935
22944
22946
22947
22953
22958
22968
22971
22974
22979
22980
22982
22983
22985
22986
22987
22991
22993
22994
23001
23006
23019
23020
23024
23027
23029
23033
23037
23038
23042
23043
23045
23050
23074
23078
23092
23093
23107
23114
23122
23125
23134
23136
23139
23146
23148
23150
23154
23162
23163
23164
23165
23171
23175
23178
23179
23183
23184
23195
23203
23205
23218
23228
23229
23237
23244
23250
23252
23254
23257
23260
23261
23270
23278
23279
23280
23286
23288
23289
23290
23292
23293
23296
23301
23308
23310
23313
23315
23329
23331
23335
23343
23346
23347
23348
23351
23356
23358
23359
23360
23362
23370
23372
23381
23385
23387
23391
23399
23402
23408
23420
23421
23422
23424
23426
23427
23432
23434
23442
23446
23472
23482
23490
23492
23498
23502
23510
23516
23531
23532
23537
23543
23550
23554
23557
23558
23563
23577
23586
23598
23599
23600
23601
23606
23607
23608
23616
23617
23620
23621
23623
23624
23630
23649
23652
23658
23661
23664
23675
23684
23686
23687
23691
23693
23695
23698
23703
23707
23711
23718
23721
23731
23734
23745
23761
23767
23771
23774
23783
23795
23799
23807
23808
23810
23819
23820
23824
23837
23838
23842
23846
23847
23852
23861
23862
23863
23864
23866
23873
23875
23879
23892
23893
23908
23912
23913
23915
23923
23927
23930
23942
23943
23947
23953
23958
23971
23975
23977
23979
23981
23982
23991
23998
23999
24003
24004
24008
24013
24017
24026
24028
24029
24040
24043
24047
24049
24050
24051
24052
24057
24065
24068
24070
24072
24078
24081
24088
24094
24097
24104
24105
24114
24118
24123
24125
24126
24135
24137
24168
24171
24172
24173
24184
24189
24195
24196
24199
24202
24209
24213
24215
24221
24222
24223
24228
24249
24254
24262
24269
24272
24274
24275
24280
24281
24288
24295
24304
24305
24307
24309
24323
24328
24330
24333
24342
24344
24355
24357
24360
24365
24368
24369
24381
24389
24394
24404
24416
24417
24429
24433
24434
24438
24444
24445
24450
24454
24455
24457
24462
24463
24465
24476
24485
24492
24506
24507
24524
24531
24540
24544
24545
24557
24558
24560
24571
24572
24574
24577
24583
24594
24595
24597
24600
24611
24616
24627
24634
24637
24647
24649
24651
24655
24666
24667
24682
24687
24690
24698
24701
24704
24706
24709
24711
24712
24720
24724
24728
24735
24739
24741
24744
24749
24750
24752
24755
24764
24771
24774
24779
24782
24783
24788
24791
24794
24797
24804
24814
24815
24830
24831
24833
24837
24844
24861
24863
24866
24867
24870
24875
24876
24882
24887
24890
24892
24893
24895
24901
24909
24911
24912
24913
24916
24917
24919
24929
24934
24935
24939
24941
24944
24964
24966
24979
24994
25002
25022
25023
25028
25033
25037
25039
25041
25050
25053
25055
25060
25061
25064
25067
25068
25072
25082
25083
25084
25085
25088
25095
25098
25106
25115
25117
25122
25126
25127
25131
25135
25144
25145
25147
25149
25151
25156
25164
25179
25193
25200
25201
25204
25207
25230
25233
25235
25237
25260
25267
25268
25270
25276
25284
25292
25296
25305
25310
25314
25316
25319
25323
25326
25327
25328
25339
25350
25356
25357
25361
25366
25370
25379
25387
25388
25392
25395
25397
25399
25406
25407
25408
25409
25416
25423
25425
25432
25436
25438
25443
25455
25459
25461
25480
25482
25485
25486
25490
25493
25494
25505
25508
25509
25510
25531
25535
25537
25541
25552
25553
25566
25578
25583
25584
25591
25596
25598
25612
25614
25618
25619
25631
25640
25647
25649
25655
25657
25659
25671
25678
25685
25689
25691
25693
25697
25698
25699
25702
25705
25708
25713
25716
25726
25728
25742
25744
25747
25750
25754
25757
25758
25766
25778
25791
25795
25800
25802
25805
25808
25809
25829
25832
25834
25835
25837
25842
25852
25854
25855
25858
25862
25865
25867
25892
25899
25901
25915
25921
25923
25925
25929
25931
25932
25934
25942
25945
25952
25968
25969
25970
25983
25985
25986
25995
26000
26001
26003
26007
26009
26015
26020
26024
26026
26035
26036
26039
26045
26052
26055
26059
26063
26065
26080
26084
26088
26108
26109
26127
26128
26135
26136
26140
26146
26147
26160
26163
26165
26169
26174
26191
26209
26211
26217
26218
26219
26233
26236
26241
26243
26247
26249
26256
26258
26259
26261
26262
26263
26267
26286
26287
26291
26294
26297
26300
26303
26311
26312
26314
26315
26327
26329
26331
26339
26340
26345
26351
26352
26356
26367
26369
26371
26376
26381
26382
26386
26390
26391
26406
26417
26426
26427
26433
26436
26440
26444
26447
26451
26455
26457
26459
26471
26478
26486
26487
26491
26496
26498
26500
26504
26518
26520
26522
26526
26537
26538
26552
26557
26559
26560
26567
26568
26579
26584
26585
26587
26589
26590
26593
26595
26610
26612
26613
26634
26641
26646
26653
26656
26668
26687
26697
26701
26704
26706
26712
26714
26718
26720
26724
26730
26735
26736
26738
26750
26759
26763
26776
26777
26779
26792
26794
26798
26810
26811
26820
26829
26830
26835
26847
26851
26852
26853
26860
26863
26865
26869
26870
26892
26896
26900
26909
26911
26921
26926
26932
26940
26942
26948
26951
26956
26959
26962
26971
26977
26991
26992
26995
27004
27012
27016
27017
27034
27040
27043
27049
27052
27057
27065
27073
27078
27079
27082
27086
27096
27106
27119
27129
27130
27159
27163
27164
27165
27166
27168
27174
27186
27187
27189
27204
27206
27209
27211
27212
27219
27232
27236
27238
27241
27242
27243
27258
27268
27269
27271
27276
27280
27281
27283
27284
27285
27292
27297
27300
27306
27309
27316
27318
27325
27330
27331
27332
27336
27337
27340
27350
27356
27361
27362
27371
27376
27378
27388
27395
27397
27404
27409
27417
27421
27429
27430
27431
27433
27439
27440
27441
27455
27456
27465
27468
27469
27472
27473
27487
27493
27496
27497
27498
27499
27504
27514
27515
27526
27537
27538
27549
27550
27552
27553
27570
27572
27574
27580
27583
27590
27595
27610
27614
27615
27621
27623
27624
27627
27635
27642
27646
27647
27651
27654
27659
27661
27662
27664
27671
27680
27684
27687
27691
27692
27698
27704
27706
27712
27714
27716
27720
27724
27733
27738
27739
27745
27746
27748
27761
27771
27773
27777
27779
27781
27782
27783
27784
27786
27789
27792
27794
27806
27815
27822
27825
27826
27827
27828
27839
27854
27855
27858
27860
27861
27869
27875
27883
27888
27894
27896
27904
27911
27917
27918
27925
27927
27932
27940
27942
27948
27958
27961
27967
27969
27971
27977
27978
27989
27998
27999
28004
28009
28010
28011
28012
28022
28038
28049
28050
28053
28058
28066
28070
28072
28081
28083
28087
28088
28089
28092
28096
28103
28111
28119
28131
28139
28140
28144
28146
28147
28166
28170
28171
28180
28190
28193
28194
28197
28207
28210
28211
28216
28223
28226
28232
28235
28242
28243
28247
28255
28256
28262
28263
28268
28269
28279
28281
28286
28291
28295
28304
28316
28323
28324
28326
28329
28337
28341
28346
28350
28364
28366
28367
28369
28377
28384
28387
28391
28399
28405
28415
28421
28422
28423
28424
28425
28428
28436
28437
28440
28443
28454
28461
28462
28483
28486
28489
28491
28500
28508
28518
28523
28528
28529
28535
28536
28550
28556
28557
28559
28562
28565
28572
28573
28575
28577
28578
28583
28585
28593
28599
28600
28607
28612
28621
28623
28630
28634
28643
28656
28659
28660
28666
28668
28679
28682
28686
28690
28695
28696
28697
28698
28701
28707
28715
28716
28720
28726
28729
28739
28742
28743
28751
28753
28758
28784
28793
28795
28803
28827
28828
28831
28834
28837
28838
28839
28842
28844
28846
28855
28859
28861
28869
28877
28880
28882
28899
28900
28903
28907
28909
28910
28915
28916
28921
28931
28942
28946
28948
28965
28970
28972
28976
28984
28986
28987
28988
28995
28998
29000
29011
29014
29016
29020
29025
29030
29031
29032
29041
29051
29054
29056
29059
29068
29075
29076
29079
29082
29083
29084
29085
29086
29090
29099
29102
29103
29104
29108
29111
29115
29117
29118
29119
29128
29129
29136
29138
29144
29145
29147
29154
29156
29160
29162
29163
29166
29174
29175
29179
29182
29191
29196
29201
29206
29214
29216
29221
29225
29232
29234
29236
29256
29259
29261
29263
29273
29274
29276
29281
29283
29292
29294
29297
29298
29303
29304
29307
29316
29322
29335
29336
29342
29347
29360
29363
29365
29368
29376
29391
29404
29409
29413
29420
29422
29423
29430
29431
29433
29434
29435
29437
29439
29444
29445
29449
29452
29454
29457
29462
29463
29469
29473
29478
29479
29484
29485
29491
29492
29494
29500
29504
29507
29508
29517
29520
29521
29529
29530
29535
29551
29556
29557
29561
29566
29567
29570
29573
29582
29585
29588
29590
29592
29593
29595
29599
29602
29608
29611
29613
29615
29619
29628
29629
29634
29635
29639
29640
29644
29649
29667
29670
29677
29680
29690
29698
29712
29715
29716
29717
29722
29723
29727
29733
29734
29751
29752
29755
29756
29763
29768
29771
29778
29779
29788
29790
29791
29792
29798
29802
29804
29806
29813
29830
29833
29834
29841
29846
29852
29855
29859
29864
29866
29867
29873
29878
29880
29886
29896
29900
29902
29910
29912
29915
29924
29930
29931
29936
29941
29948
29952
29953
29961
29964
29966
29970
29972
29977
29983
29984
29985
29986
29988
29994
29999
30002
30004
30005
30007
30009
30012
30014
30022
30027
30033
30034
30037
30040
30048
30054
30057
30059
30064
30070
30073
30085
30086
30087
30091
30092
30098
30101
30102
30117
30118
30121
30123
30126
30130
30132
30151
30166
30169
30178
30186
30187
30189
30196
30233
30250
30273
30278
30279
30285
30290
30292
30298
30300
30305
30307
30310
30315
30316
30317
30330
30336
30344
30345
30346
30351
30361
30364
30374
30383
30387
30398
30402
30403
30404
30405
30406
30414
30419
30420
30422
30423
30432
30434
30443
30461
30466
30475
30477
30481
30483
30484
30485
30498
30508
30522
30524
30525
30526
30528
30531
30539
30550
30556
30560
30561
30565
30567
30572
30580
30588
30589
30590
30591
30614
30616
30625
30626
30631
30633
30636
30641
30647
30655
30656
30661
30666
30671
30673
30680
30683
30689
30691
30692
30693
30695
30702
30710
30712
30716
30726
30741
30745
30748
30751
30752
30764
30767
30771
30773
30786
30788
30790
30797
30799
30802
30806
30807
30820
30824
30827
30831
30841
30857
30863
30867
30868
30870
30871
30878
30882
30884
30887
30889
30904
30906
30907
30910
30911
30920
30921
30923
30926
30931
30932
30937
30942
30943
30953
30974
30976
30978
30981
30983
30984
30992
30995
31001
31011
31013
31017
31024
31028
31034
31036
31050
31054
31060
31062
31065
31073
31081
31082
31087
31090
31093
31094
31100
31106
31108
31115
31118
31130
31135
31136
31141
31142
31147
31163
31172
31176
31179
31182
31183
31187
31189
31192
31200
31205
31206
31207
31208
31214
31223
31224
31227
31230
31238
31249
31253
31255
31259
31267
31271
31272
31275
31277
31278
31291
31294
31308
31318
31323
31329
31334
31336
31358
31361
31366
31369
31374
31379
31383
31385
31391
31393
31402
31413
31414
31433
31438
31439
31442
31458
31462
31467
31474
31475
31481
31482
31483
31485
31487
31493
31495
31496
31500
31506
31514
31525
31535
31538
31549
31562
31568
31572
31575
31581
31584
31602
31608
31617
31620
31626
31629
31637
31642
31656
31669
31671
31672
31674
31675
31676
31679
31680
31687
31689
31693
31694
31697
31702
31713
31716
31720
31721
31731
31741
31747
31750
31754
31755
31756
31757
31771
31773
31778
31780
31782
31788
31801
31810
31815
31822
31827
31829
31830
31833
31852
31857
31858
31873
31874
31875
31883
31885
31886
31894
31895
31896
31901
31902
31905
31911
31915
31916
31924
31928
31933
31939
31950
31956
31957
31960
31963
31970
31972
31977
31983
31992
31995
32000
32006
32011
32014
32017
32018
32021
32023
32024
32026
32027
32033
32037
32043
32051
32061
32069
32070
32073
32074
32079
32081
32084
32093
32100
32104
32112
32118
32122
32126
32129
32133
32146
32148
32154
32164
32165
32166
32169
32186
32189
32197
32198
32199
32207
32208
32212
32213
32216
32222
32230
32232
32240
32242
32257
32261
32264
32266
32271
32273
32277
32279
32282
32285
32294
32295
32296
32298
32300
32302
32305
32309
32310
32316
32322
32335
32342
32348
32360
32365
32366
32367
32379
32380
32384
32385
32387
32390
32393
32397
32404
32408
32415
32424
32429
32432
32433
32438
32443
32446
32450
32463
32464
32468
32473
32484
32490
32491
32492
32501
32504
32505
32512
32532
32536
32544
32555
32558
32562
32580
32582
32587
32588
32594
32601
32625
32634
32644
32646
32650
32653
32654
32664
32681
32684
32694
32695
32696
32697
32699
32704
32712
32714
32718
32720
32721
32722
32724
32728
32730
32731
32749
32755
32763
32765
32770
32779
32783
32785
32787
32790
32792
32794
32799
32800
32802
32805
32808
32809
32814
32823
32824
32825
32828
32830
32839
32847
32853
32855
32856
32860
32864
32872
32876
32878
32880
32883
32889
32897
32898
32905
32929
32930
32934
32942
32947
32953
32954
32965
32966
32968
32972
32985
32986
32994
32995
32998
33005
33013
33014
33015
33019
33021
33023
33031
33038
33052
33055
33060
33063
33064
33066
33067
33068
33073
33077
33082
33084
33091
33092
33103
33110
33111
33115
33117
33120
33122
33129
33132
33134
33154
33158
33170
33178
33180
33181
33183
33184
33185
33189
33190
33197
33202
33206
33208
33210
33215
33218
33219
33227
33229
33235
33236
33240
33243
33256
33260
33261
33270
33276
33279
33284
33288
33296
33301
33304
33305
33325
33329
33331
33339
33342
33343
33350
33358
33359
33361
33366
33377
33381
33387
33388
33390
33399
33403
33405
33406
33413
33414
33420
33422
33423
33444
33458
33459
33461
33466
33471
33473
33478
33483
33484
33487
33490
33496
33508
33515
33522
33524
33528
33534
33542
33548
33552
33561
33567
33571
33577
33578
33581
33582
33584
33586
33589
33600
33602
33609
33616
33621
33627
33630
33645
33650
33656
33660
33662
33671
33673
33678
33680
33685
33697
33711
33716
33719
33721
33727
33728
33733
33737
33740
33743
33750
33753
33755
33759
33761
33767
33768
33781
33783
33806
33807
33812
33813
33825
33833
33836
33849
33856
33861
33862
33872
33873
33877
33881
33897
33900
33904
33917
33924
33931
33944
33960
33961
33968
33982
33985
33993
33995
34008
34009
34017
34018
34019
34021
34023
34029
34030
34035
34040
34046
34051
34052
34059
34065
34069
34076
34084
34093
34095
34096
34107
34108
34110
34111
34118
34123
34129
34132
34137
34142
34148
34156
34158
34167
34169
34177
34180
34182
34186
34194
34203
34214
34216
34218
34219
34222
34224
34226
34238
34239
34242
34245
34250
34253
34261
34265
34267
34269
34279
34315
34324
34326
34332
34334
34341
34357
34360
34367
34372
34375
34377
34387
34390
34392
34402
34408
34409
34411
34421
34424
34436
34446
34447
34464
34465
34468
34469
34477
34478
34482
34492
34497
34503
34508
34509
34511
34517
34522
34529
34537
34538
34544
34545
34552
34559
34560
34562
34566
34570
34573
34582
34587
34598
34604
34617
34618
34630
34633
34636
34637
34639
34643
34651
34658
34670
34675
34677
34681
34682
34685
34686
34687
34688
34694
34696
34700
34701
34703
34708
34713
34722
34726
34730
34731
34732
34737
34748
34754
34759
34785
34789
34792
34795
34797
34802
34803
34811
34818
34820
34824
34827
34828
34839
34844
34851
34853
34856
34866
34868
34872
34875
34877
34881
34901
34905
34906
34919
34920
34925
34932
34934
34942
34952
34956
34957
34961
34964
34982
34983
34997
35001
35008
35011
35018
35033
35035
35044
35045
35047
35056
35059
35061
35066
35068
35072
35077
35086
35089
35090
35093
35096
35100
35104
35106
35110
35123
35125
35126
35132
35133
35147
35149
35150
35156
35157
35159
35186
35187
35188
35189
35192
35194
35195
35201
35213
35214
35223
35224
35226
35231
35233
35235
35243
35245
35258
35259
35269
35271
35274
35278
35279
35282
35284
35286
35287
35292
35293
35301
35302
35303
35304
35306
35309
35314
35316
35317
35321
35331
35332
35342
35343
35344
35345
35349
35351
35352
35369
35377
35378
35381
35393
35397
35401
35404
35405
35408
35413
35425
35432
35438
35442
35444
35459
35460
35462
35465
35476
35477
35478
35487
35496
35500
35512
35515
35520
35524
35527
35534
35535
35537
35540
35541
35542
35545
35548
35549
35553
35556
35569
35586
35588
35598
35619
35630
35640
35642
35662
35663
35664
35671
35672
35674
35675
35681
35683
35687
35692
35705
35712
35722
35728
35730
35733
35740
35743
35747
35748
35753
35756
35776
35777
35789
35790
35793
35795
35806
35813
35838
35840
35845
35848
35850
35869
35897
35901
35905
35908
35920
35928
35930
35932
35948
35955
35963
35969
35973
35974
35977
35978
35979
35984
35986
35988
36001
36019
36021
36028
36062
36066
36081
36082
36089
36092
36099
36103
36112
36117
36132
36134
36159
36163
36168
36169
36170
36192
36199
36213
36214
36216
36218
36219
36224
36230
36238
36239
36243
36247
36248
36250
36252
36253
36257
36259
36272
36275
36283
36301
36308
36315
36317
36318
36325
36331
36336
36356
36362
36366
36373
36406
36413
36415
36418
36432
36438
36442
36443
36448
36449
36452
36454
36460
36466
36471
36473
36474
36485
36494
36497
36498
36499
36502
36503
36507
36512
36518
36521
36525
36531
36536
36541
36543
36550
36551
36553
36559
36560
36565
36567
36578
36579
36581
36582
36585
36591
36593
36602
36605
36607
36613
36618
36629
36637
36645
36646
36659
36663
36668
36669
36685
36693
36696
36705
36707
36714
36717
36728
36733
36740
36742
36745
36747
36748
36758
36762
36776
36782
36784
36790
36811
36815
36816
36819
36822
36823
36827
36841
36848
36850
36851
36862
36874
36888
36890
36894
36897
36899
36905
36909
36912
36916
36917
36918
36922
36923
36927
36928
36929
36930
36931
36939
36943
36944
36945
36948
36951
36954
36956
36957
36959
36960
36962
36965
36968
36969
36989
36992
36995
36998
36999
37000
37002
37005
37024
37029
37037
37047
37048
37051
37053
37054
37066
37069
37070
37071
37074
37077
37083
37088
37089
37092
37093
37102
37103
37105
37119
37121
37123
37126
37130
37131
37139
37144
37146
37160
37162
37172
37173
37175
37176
37184
37191
37194
37195
37198
37201
37205
37213
37215
37217
37221
37224
37225
37227
37230
37240
37242
37245
37256
37261
37262
37279
37281
37282
37285
37287
37295
37297
37303
37304
37322
37325
37328
37332
37348
37355
37361
37363
37368
37371
37378
37393
37394
37397
37400
37404
37413
37414
37416
37418
37426
37427
37430
37432
37433
37434
37436
37439
37441
37442
37453
37457
37459
37470
37478
37488
37491
37492
37494
37496
37501
37512
37513
37515
37521
37524
37528
37529
37531
37532
37534
37544
37553
37558
37562
37567
37569
37588
37592
37601
37603
37607
37621
37623
37624
37625
37643
37644
37662
37664
37666
37667
37671
37672
37682
37685
37686
37688
37692
37696
37700
37702
37710
37712
37719
37722
37726
37729
37733
37734
37737
37744
37748
37750
37762
37763
37764
37774
37782
37784
37787
37790
37801
37803
37813
37822
37826
37829
37838
37842
37860
37861
37873
37875
37879
37887
37892
37907
37910
37912
37922
37932
37937
37940
37943
37944
37949
37950
37952
37958
37964
37977
37978
37987
37991
37993
37998
38010
38030
38037
38038
38045
38061
38066
38072
38074
38090
38094
38103
38111
38124
38131
38132
38134
38136
38138
38140
38147
38150
38153
38154
38159
38164
38175
38188
38190
38192
38193
38205
38208
38212
38216
38217
38218
38236
38241
38242
38243
38244
38245
38260
38267
38288
38289
38291
38293
38303
38307
38313
38317
38324
38328
38336
38340
38344
38345
38346
38350
38353
38366
38372
38373
38376
38383
38387
38389
38391
38393
38398
38400
38401
38407
38412
38416
38420
38421
38422
38433
38442
38444
38455
38456
38463
38469
38473
38475
38476
38479
38482
38492
38496
38500
38501
38503
38504
38507
38516
38518
38519
38522
38530
38537
38542
38543
38545
38550
38553
38574
38586
38588
38603
38607
38615
38617
38621
38623
38625
38629
38634
38635
38637
38638
38646
38647
38653
38655
38657
38665
38666
38667
38668
38669
38673
38676
38678
38688
38690
38693
38697
38706
38712
38722
38724
38735
38738
38747
38761
38762
38764
38766
38768
38776
38780
38782
38789
38793
38799
38801
38802
38805
38817
38835
38841
38847
38849
38858
38860
38863
38865
38877
38881
38882
38884
38889
38893
38897
38902
38904
38905
38925
38931
38935
38941
38951
38952
38975
38976
38987
38995
38998
39003
39004
39006
39007
39008
39009
39013
39015
39025
39057
39065
39071
39084
39086
39106
39107
39109
39111
39112
39114
39118
39120
39123
39125
39127
39130
39133
39140
39170
39171
39172
39180
39181
39185
39188
39189
39192
39199
39210
39212
39217
39221
39222
39231
39234
39235
39244
39250
39254
39263
39265
39266
39267
39276
39285
39294
39299
39301
39303
39313
39314
39316
39317
39324
39327
39330
39336
39338
39344
39347
39351
39353
39359
39369
39373
39379
39385
39387
39397
39407
39408
39412
39432
39435
39440
39444
39467
39468
39472
39475
39480
39484
39495
39496
39503
39508
39521
39524
39525
39526
39527
39532
39533
39548
39559
39582
39583
39590
39591
39594
39595
39603
39606
39621
39626
39629
39631
39632
39633
39639
39640
39645
39649
39660
39668
39674
39680
39681
39688
39693
39697
39703
39712
39714
39717
39723
39725
39729
39732
39734
39743
39751
39764
39768
39770
39774
39776
39781
39783
39787
39788
39790
39803
39811
39816
39824
39825
39828
39844
39846
39849
39856
39857
39863
39867
39885
39886
39888
39889
39892
39894
39895
39902
39904
39913
39914
39915
39917
39918
39919
39921
39929
39947
39954
39959
39967
39968
39983
39985
39995
39996
40004
40007
40016
40036
40041
40045
40048
40050
40072
40073
40075
40090
40093
40094
40105
40106
40116
40117
40118
40123
40135
40136
40137
40144
40167
40170
40175
40180
40192
40220
40227
40236
40237
40239
40243
40245
40248
40249
40252
40260
40265
40268
40269
40278
40285
40291
40293
40300
40301
40305
40308
40309
40311
40312
40313
40317
40328
40334
40336
40346
40348
40349
40357
40362
40363
40388
40397
40411
40412
40426
40446
40449
40459
40460
40463
40464
40470
40474
40475
40477
40481
40482
40489
40495
40499
40501
40509
40512
40514
40517
40520
40521
40528
40529
40531
40540
40544
40548
40553
40556
40560
40566
40571
40575
40586
40589
40592
40596
40609
40612
40614
40618
40623
40627
40630
40636
40638
40645
40646
40647
40657
40661
40668
40675
40679
40680
40683
40691
40692
40693
40697
40701
40705
40709
40712
40714
40719
40741
40742
40752
40753
40754
40760
40775
40778
40789
40793
40795
40810
40813
40818
40819
40821
40823
40827
40828
40834
40838
40839
40843
40845
40847
40854
40858
40868
40874
40884
40887
40899
40908
40914
40915
40922
40926
40928
40935
40941
40945
40947
40959
40961
40962
40963
40966
40969
40970
40972
40978
40979
40981
40985
40986
40999
41007
41012
41014
41017
41018
41020
41023
41027
41031
41034
41049
41053
41056
41057
41060
41061
41063
41064
41068
41069
41071
41082
41083
41084
41086
41096
41102
41106
41108
41118
41119
41121
41128
41130
41131
41132
41137
41140
41141
41142
41146
41152
41160
41172
41173
41174
41177
41185
41194
41202
41214
41219
41226
41233
41237
41242
41250
41256
41262
41268
41272
41274
41285
41290
41291
41299
41302
41308
41310
41315
41329
41332
41334
41337
41341
41342
41344
41347
41351
41352
41353
41363
41373
41374
41375
41380
41402
41408
41411
41413
41416
41419
41421
41427
41433
41434
41442
41444
41445
41451
41467
41469
41470
41471
41472
41478
41479
41490
41501
41505
41513
41515
41519
41520
41537
41552
41555
41558
41559
41562
41563
41570
41571
41575
41577
41586
41603
41604
41607
41613
41622
41624
41630
41632
41635
41637
41640
41641
41643
41647
41649
41651
41657
41658
41662
41669
41671
41673
41677
41685
41700
41714
41716
41720
41728
41729
41731
41732
41738
41739
41740
41742
41744
41748
41752
41762
41763
41765
41768
41781
41785
41788
41790
41791
41798
41802
41805
41806
41810
41816
41817
41818
41820
41837
41841
41854
41858
41859
41861
41865
41866
41872
41880
41886
41894
41900
41921
41929
41934
41956
41964
41968
41970
41973
41981
41985
41995
42011
42016
42019
42020
42025
42029
42030
42031
42033
42034
42035
42039
42041
42046
42051
42056
42062
42063
42064
42065
42071
42075
42078
42108
42109
42110
42111
42112
42114
42115
42117
42120
42122
42124
42125
42127
42134
42139
42146
42149
42168
42171
42172
42173
42181
42182
42189
42195
42196
42199
42206
42208
42217
42218
42226
42236
42237
42248
42251
42264
42265
42274
42280
42281
42282
42305
42306
42308
42312
42317
42318
42326
42332
42338
42342
42346
42365
42366
42380
42381
42383
42386
42389
42391
42393
42394
42395
42400
42402
42407
42412
42416
42418
42422
42423
42424
42425
42441
42447
42450
42451
42460
42462
42468
42469
42490
42491
42492
42497
42498
42502
42504
42507
42518
42519
42521
42523
42527
42528
42531
42533
42536
42546
42553
42555
42557
42566
42569
42572
42579
42583
42584
42587
42594
42611
42612
42615
42623
42624
42627
42642
42649
42652
42655
42663
42668
42671
42672
42673
42684
42688
42697
42701
42708
42717
42722
42727
42741
42743
42747
42755
42765
42772
42773
42779
42782
42793
42808
42812
42823
42830
42831
42832
42837
42838
42842
42844
42859
42869
42874
42875
42882
42884
42886
42906
42907
42917
42924
42933
42940
42944
42953
42956
42959
42961
42962
42966
42967
42969
42975
42980
42992
42995
42998
43004
43009
43013
43016
43022
43030
43043
43045
43047
43051
43052
43056
43059
43062
43063
43069
43070
43072
43076
43079
43083
43086
43088
43092
43093
43100
43105
43106
43107
43116
43118
43122
43124
43134
43142
43143
43145
43153
43158
43160
43166
43168
43171
43173
43177
43184
43197
43201
43220
43228
43230
43234
43249
43257
43258
43268
43279
43280
43284
43298
43299
43301
43302
43305
43307
43309
43312
43316
43329
43330
43331
43336
43341
43343
43363
43371
43372
43373
43374
43384
43390
43395
43399
43400
43403
43404
43407
43415
43416
43418
43420
43423
43426
43433
43441
43452
43460
43464
43466
43471
43483
43485
43499
43500
43506
43510
43513
43515
43520
43521
43522
43525
43535
43538
43539
43550
43566
43570
43572
43576
43578
43587
43593
43594
43599
43605
43606
43608
43615
43633
43637
43655
43669
43676
43680
43682
43688
43700
43701
43704
43717
43718
43726
43731
43737
43741
43745
43754
43760
43766
43769
43775
43777
43794
43798
43800
43803
43811
43826
43834
43836
43843
43844
43850
43851
43852
43860
43870
43877
43878
43879
43880
43885
43886
43887
43889
43890
43893
43894
43902
43909
43912
43913
43915
43920
43924
43928
43929
43933
43945
43947
43948
43951
43963
43964
43972
43991
43992
44002
44003
44010
44015
44021
44044
44045
44059
44061
44082
44088
44089
44091
44097
44102
44107
44108
44111
44115
44116
44120
44121
44125
44126
44127
44134
44138
44146
44153
44154
44156
44158
44159
44162
44167
44173
44178
44192
44193
44195
44202
44209
44216
44219
44220
44223
44227
44238
44243
44248
44249
44251
44256
44258
44262
44263
44266
44272
44273
44275
44278
44289
44293
44302
44305
44307
44311
44312
44313
44317
44321
44328
44329
44331
44342
44349
44358
44370
44372
44376
44378
44381
44385
44386
44407
44411
44412
44416
44420
44431
44441
44450
44463
44466
44472
44483
44497
44499
44501
44505
44512
44517
44522
44527
44532
44536
44542
44543
44544
44555
44557
44559
44562
44563
44565
44568
44569
44574
44576
44582
44596
44598
44605
44606
44616
44619
44626
44629
44633
44635
44639
44641
44642
44644
44649
44654
44655
44659
44662
44675
44676
44683
44690
44697
44711
44715
44722
44723
44739
44740
44743
44750
44751
44752
44764
44776
44777
44778
44779
44780
44781
44785
44789
44795
44797
44804
44808
44809
44814
44816
44822
44826
44828
44832
44835
44836
44837
44838
44846
44847
44867
44875
44876
44881
44886
44888
44894
44897
44900
44903
44904
44911
44914
44916
44924
44925
44928
44932
44938
44939
44941
44945
44952
44968
44970
44972
44973
44978
44979
44986
44988
44990
44992
44993
45007
45008
45010
45012
45013
45015
45018
45019
45021
45028
45029
45035
45038
45052
45053
45054
45067
45080
45084
45085
45087
45091
45096
45102
45112
45113
45114
45115
45117
45121
45122
45146
45148
45151
45161
45168
45174
45177
45183
45187
45192
45195
45202
45206
45212
45228
45229
45233
45237
45241
45247
45250
45251
45258
45276
45278
45283
45288
45296
45300
45306
45312
45316
45322
45326
45328
45336
45347
45359
45367
45383
45385
45399
45401
45402
45404
45415
45418
45424
45428
45433
45434
45439
45440
45444
45445
45449
45455
45458
45462
45463
45465
45476
45477
45481
45482
45485
45491
45494
45495
45498
45500
45503
45506
45515
45519
45521
45526
45534
45536
45543
45544
45553
45560
45561
45563
45566
45569
45571
45578
45580
45587
45588
45589
45591
45592
45595
45605
45609
45619
45623
45635
45639
45647
45650
45664
45665
45672
45678
45691
45692
45703
45704
45709
45711
45715
45716
45722
45736
45739
45742
45743
45748
45758
45761
45766
45767
45770
45772
45782
45805
45811
45818
45822
45832
45837
45838
45844
45846
45847
45849
45853
45854
45857
45867
45868
45874
45875
45892
45904
45908
45910
45915
45918
45921
45924
45928
45933
45939
45964
45971
45972
45974
45976
45984
45986
45991
45992
45995
46004
46008
46010
46012
46021
46032
46033
46035
46036
46042
46044
46051
46052
46056
46057
46058
46059
46062
46080
46082
46083
46088
46093
46095
46098
46111
46113
46116
46124
46126
46140
46155
46165
46168
46173
46177
46179
46193
46196
46197
46198
46203
46206
46210
46212
46218
46225
46234
46245
46250
46251
46257
46270
46275
46276
46280
46297
46303
46316
46317
46319
46321
46329
46332
46334
46342
46345
46358
46359
46367
46371
46378
46387
46398
46401
46407
46421
46423
46425
46428
46432
46443
46444
46445
46449
46458
46471
46474
46478
46481
46496
46499
46505
46512
46514
46519
46521
46522
46523
46526
46539
46544
46548
46549
46552
46554
46557
46559
46560
46567
46574
46577
46586
46610
46612
46617
46628
46632
46633
46635
46638
46639
46643
46646
46656
46658
46666
46686
46689
46690
46696
46701
46712
46716
46718
46725
46735
46736
46742
46746
46754
46755
46757
46762
46769
46772
46773
46777
46778
46782
46785
46790
46791
46796
46797
46798
46799
46804
46814
46816
46817
46826
46829
46836
46840
46845
46846
46848
46852
46869
46870
46873
46874
46879
46881
46883
46893
46898
46904
46908
46910
46916
46919
46924
46925
46932
46944
46945
46947
46955
46960
46979
46982
46984
46986
46995
46999
47009
47011
47016
47031
47038
47040
47042
47045
47046
47048
47055
47080
47081
47093
47098
47100
47104
47106
47107
47111
47113
47114
47118
47133
47137
47142
47145
47151
47154
47159
47164
47166
47169
47186
47190
47201
47204
47211
47212
47215
47220
47223
47231
47240
47268
47272
47282
47284
47291
47295
47297
47302
47310
47313
47314
47320
47321
47343
47346
47353
47356
47360
47362
47367
47370
47379
47381
47385
47397
47406
47415
47420
47423
47424
47427
47430
47437
47446
47448
47451
47453
47458
47459
47464
47467
47468
47469
47470
47471
47473
47489
47490
47493
47497
47502
47509
47511
47512
47513
47516
47517
47521
47529
47530
47545
47547
47548
47550
47552
47561
47573
47576
47580
47582
47585
47587
47588
47592
47597
47614
47617
47619
47621
47625
47633
47640
47653
47658
47660
47665
47667
47671
47673
47675
47681
47689
47696
47699
47706
47707
47710
47714
47715
47717
47730
47740
47742
47743
47750
47752
47755
47757
47764
47765
47766
47780
47795
47797
47800
47808
47814
47816
47818
47826
47833
47835
47838
47851
47858
47863
47864
47873
47876
47879
47880
47886
47893
47899
47900
47904
47913
47914
47922
47924
47943
47955
47957
47960
47968
47971
47975
47978
47984
47992
47994
48005
48014
48016
48017
48028
48029
48031
48037
48039
48041
48042
48044
48050
48056
48058
48059
48060
48065
48078
48079
48082
48093
48099
48101
48116
48119
48122
48123
48141
48142
48143
48144
48149
48151
48154
48161
48165
48172
48173
48175
48183
48186
48189
48190
48191
48204
48206
48207
48209
48211
48216
48217
48243
48244
48245
48249
48251
48255
48257
48262
48270
48272
48281
48284
48288
48289
48291
48292
48295
48297
48305
48306
48307
48312
48322
48326
48338
48339
48348
48349
48352
48387
48389
48394
48396
48399
48411
48415
48431
48434
48435
48448
48463
48465
48468
48474
48476
48480
48483
48490
48495
48500
48506
48511
48514
48520
48521
48523
48529
48546
48553
48563
48572
48577
48578
48585
48598
48599
48606
48609
48612
48613
48625
48627
48629
48631
48635
48639
48641
48643
48646
48647
48648
48649
48650
48655
48670
48675
48678
48681
48693
48694
48700
48703
48707
48713
48723
48725
48728
48730
48749
48756
48758
48761
48770
48772
48782
48787
48796
48803
48809
48829
48831
48832
48835
48840
48843
48851
48852
48863
48864
48868
48873
48874
48877
48888
48891
48895
48902
48908
48913
48924
48929
48941
48943
48966
48972
48974
48975
48976
48977
48978
48986
48987
48993
49004
49008
49017
49021
49026
49038
49039
49057
49058
49063
49066
49074
49077
49080
49088
49097
49104
49111
49117
49121
49128
49139
49141
49143
49146
49157
49174
49176
49182
49189
49192
49199
49207
49212
49216
49217
49238
49242
49246
49260
49265
49268
49269
49279
49282
49283
49284
49288
49289
49290
49291
49301
49304
49308
49311
49318
49323
49327
49329
49343
49351
49352
49354
49361
49362
49365
49369
49373
49380
49389
49395
49400
49402
49403
49406
49412
49421
49426
49427
49431
49436
49445
49451
49454
49462
49465
49466
49468
49469
49470
49489
49490
49496
49508
49517
49520
49523
49529
49530
49537
49538
49541
49543
49544
49547
49551
49554
49556
49559
49566
49575
49576
49584
49585
49586
49591
49593
49598
49614
49616
49629
49632
49645
49646
49651
49665
49675
49677
49680
49695
49701
49712
49713
49715
49718
49719
49720
49722
49725
49727
49731
49732
49733
49735
49745
49747
49750
49758
49767
49777
49782
49783
49789
49798
49804
49810
49812
49821
49823
49828
49835
49839
49842
49851
49853
49859
49860
49862
49869
49881
49891
49905
49912
49915
49916
49918
49925
49926
49928
49931
49932
49933
49934
49938
49940
49944
49947
49954
49963
49964
49966
49984
49986
49987
49992
49994
49997
49998
